59,4,339,256,32,43,1,1,1
60,4,340,254,32,43,1,1,1
61,4,341,253,32,43,1,1,1
62,4,342,252,32,43,1,1,1
63,4,343,251,32,43,1,1,1
64,4,344,250,32,43,1,1,1
65,4,345,249,32,43,1,1,1
66,4,346,248,32,43,1,1,1
67,4,347,247,32,43,1,1,1
68,4,348,246,32,43,1,1,1
69,4,349,245,32,43,1,1,1
70,4,346,243,32,43,1,1,1
71,4,344,242,32,43,1,1,1
72,4,342,240,32,43,1,1,1
73,4,340,239,32,43,1,1,1
74,4,338,238,32,43,1,1,1
75,4,335,236,32,43,1,1,1
76,4,333,235,32,43,1,1,1
77,4,331,233,32,43,1,1,1
78,4,329,232,32,43,1,1,1
79,4,327,231,32,43,1,1,1
80,4,327,232,32,42,1,1,1
81,4,328,233,32,42,1,1,1
82,4,328,234,32,42,1,1,1
83,4,329,236,32,41,1,1,1
84,4,329,237,32,41,1,1,1
85,4,330,238,32,41,1,1,1
86,4,331,240,32,40,1,1,1
87,4,333,241,32,40,1,1,1
88,4,336,242,32,40,1,1,1
89,4,339,244,32,40,1,1,1
90,4,340,246,32,40,1,1,1
91,4,342,248,32,40,1,1,1
92,4,344,250,32,40,1,1,1
93,4,346,252,32,40,1,1,1
94,4,348,254,32,40,1,1,1
95,4,350,256,32,40,1,1,1
96,4,352,258,32,40,1,1,1
97,4,354,260,32,40,1,1,1
98,4,356,262,32,40,1,1,1
99,4,358,265,32,40,1,1,1
100,4,358,266,32,40,1,1,1
101,4,358,267,32,40,1,1,1
102,4,358,268,32,40,1,1,1
103,4,358,270,32,40,1,1,1
104,4,359,271,32,40,1,1,1
105,4,359,272,32,40,1,1,1
106,4,359,274,32,40,1,1,1
107,4,359,275,32,40,1,1,1
108,4,359,276,32,40,1,1,1
109,4,360,278,32,40,1,1,1
110,4,361,279,32,40,1,1,1
111,4,362,280,32,40,1,1,1
112,4,363,282,32,39,1,1,1
113,4,364,283,32,39,1,1,1
114,4,365,284,32,39,1,1,1
115,4,366,286,32,38,1,1,1
116,4,367,287,32,38,1,1,1
117,4,368,288,32,38,1,1,1
118,4,368,288,32,38,1,1,1
210,4,589,276,201,233,1,1,1
211,4,581,261,201,233,1,1,1
212,4,573,246,201,233,1,1,1
213,4,565,232,201,232,1,1,1
214,4,557,217,201,232,1,1,1
215,4,549,203,201,232,1,1,1
216,4,547,203,201,232,1,1,1
217,4,546,203,201,232,1,1,1
218,4,544,203,201,233,1,1,1
219,4,543,203,201,233,1,1,1
220,4,542,204,201,233,1,1,1
221,4,541,213,201,233,1,1,1
222,4,540,222,201,233,1,1,1
223,4,540,231,201,233,1,1,1
224,4,543,227,201,233,1,1,1
225,4,546,223,201,233,1,1,1
226,4,549,219,201,233,1,1,1
227,4,552,216,201,233,1,1,1
228,4,555,212,201,233,1,1,1
229,4,558,208,201,233,1,1,1
230,4,562,205,201,233,1,1,1
231,4,553,185,201,233,1,1,1
232,4,545,166,201,233,1,1,1
233,4,537,147,201,233,1,1,1
234,4,529,127,201,233,1,1,1
235,4,521,108,201,233,1,1,1
236,4,521,108,201,233,1,1,1
354,4,20,288,37,45,1,1,1
355,4,39,290,37,44,1,1,1
356,4,59,292,36,43,1,1,1
357,4,79,295,36,42,1,1,1
358,4,95,297,35,42,1,1,1
359,4,111,300,35,41,1,1,1
360,4,127,302,35,41,1,1,1
361,4,143,305,34,40,1,1,1
362,4,159,307,34,40,1,1,1
363,4,176,310,33,39,1,1,1
364,4,189,310,33,38,1,1,1
365,4,202,310,33,38,1,1,1
366,4,216,310,33,37,1,1,1
367,4,229,310,33,37,1,1,1
368,4,243,310,33,37,1,1,1
369,4,255,309,33,37,1,1,1
370,4,267,309,34,36,1,1,1
371,4,280,309,33,36,1,1,1
372,4,292,308,34,36,1,1,1
373,4,304,308,34,35,1,1,1
374,4,317,308,34,35,1,1,1
375,4,325,306,34,35,1,1,1
376,4,334,304,34,35,1,1,1
377,4,343,302,33,35,1,1,1
378,4,351,300,34,36,1,1,1
379,4,360,298,33,36,1,1,1
380,4,369,296,33,36,1,1,1
381,4,378,295,33,36,1,1,1
382,4,385,292,33,36,1,1,1
383,4,393,289,33,37,1,1,1
384,4,401,287,33,37,1,1,1
385,4,405,285,33,37,1,1,1
386,4,410,284,33,37,1,1,1
387,4,415,283,33,37,1,1,1
388,4,420,282,33,37,1,1,1
389,4,421,280,33,37,1,1,1
390,4,423,279,33,37,1,1,1
391,4,425,278,33,37,1,1,1
392,4,425,276,33,37,1,1,1
393,4,426,274,33,37,1,1,1
394,4,426,273,33,37,1,1,1
395,4,427,271,33,37,1,1,1
396,4,427,270,33,37,1,1,1
397,4,428,268,33,37,1,1,1
398,4,429,267,33,37,1,1,1
399,4,428,267,33,38,1,1,1
400,4,427,268,33,38,1,1,1
401,4,426,269,33,38,1,1,1
402,4,426,267,33,39,1,1,1
403,4,426,266,33,39,1,1,1
404,4,426,265,33,39,1,1,1
405,4,425,261,32,39,1,1,1
406,4,424,258,32,39,1,1,1
407,4,423,255,32,39,1,1,1
408,4,422,252,32,39,1,1,1
409,4,420,247,32,39,1,1,1
410,4,418,242,32,40,1,1,1
411,4,416,238,32,40,1,1,1
412,4,414,233,32,41,1,1,1
413,4,412,229,33,41,1,1,1
414,4,408,229,33,41,1,1,1
415,4,404,229,34,41,1,1,1
416,4,400,229,34,42,1,1,1
417,4,396,229,35,42,1,1,1
418,4,392,229,35,42,1,1,1
419,4,392,229,35,42,1,1,1
445,4,258,235,48,57,1,1,1
446,4,259,239,48,57,1,1,1
447,4,261,243,48,57,1,1,1
448,4,263,248,48,57,1,1,1
449,4,266,246,48,57,1,1,1
450,4,269,244,48,57,1,1,1
451,4,273,242,48,57,1,1,1
452,4,278,237,48,57,1,1,1
453,4,284,232,48,57,1,1,1
454,4,290,227,48,57,1,1,1
455,4,296,222,48,57,1,1,1
456,4,299,221,48,57,1,1,1
457,4,303,220,48,57,1,1,1
458,4,306,220,48,56,1,1,1
459,4,310,219,48,56,1,1,1
460,4,313,218,48,56,1,1,1
461,4,317,218,48,56,1,1,1
462,4,318,218,48,56,1,1,1
463,4,320,219,48,56,1,1,1
464,4,322,219,48,57,1,1,1
465,4,324,220,48,57,1,1,1
466,4,325,219,48,57,1,1,1
467,4,327,218,48,57,1,1,1
468,4,328,217,49,57,1,1,1
469,4,330,216,48,57,1,1,1
470,4,331,215,49,57,1,1,1
471,4,333,214,49,57,1,1,1
472,4,336,213,49,57,1,1,1
473,4,339,212,50,57,1,1,1
474,4,342,211,51,57,1,1,1
475,4,346,211,51,57,1,1,1
476,4,347,202,51,58,1,1,1
477,4,348,193,51,59,1,1,1
478,4,349,184,51,60,1,1,1
479,4,350,175,51,61,1,1,1
480,4,351,167,51,62,1,1,1
481,4,352,158,51,63,1,1,1
482,4,353,149,51,64,1,1,1
483,4,354,140,51,65,1,1,1
484,4,355,131,51,66,1,1,1
485,4,356,123,52,67,1,1,1
486,4,356,124,52,67,1,1,1
487,4,356,125,52,67,1,1,1
488,4,356,126,52,67,1,1,1
489,4,356,127,52,67,1,1,1
490,4,356,128,52,67,1,1,1
491,4,356,129,52,67,1,1,1
492,4,356,130,52,67,1,1,1
493,4,356,131,52,67,1,1,1
494,4,356,132,52,67,1,1,1
495,4,356,133,52,67,1,1,1
496,4,356,136,52,67,1,1,1
497,4,357,139,52,67,1,1,1
498,4,358,142,52,67,1,1,1
499,4,359,145,52,67,1,1,1
500,4,360,148,52,67,1,1,1
501,4,360,151,52,67,1,1,1
502,4,361,154,52,67,1,1,1
503,4,362,157,52,67,1,1,1
504,4,363,160,52,67,1,1,1
505,4,364,164,52,67,1,1,1
506,4,364,164,52,67,1,1,1
507,4,364,165,52,67,1,1,1
508,4,364,166,52,67,1,1,1
509,4,364,167,52,67,1,1,1
510,4,364,167,52,67,1,1,1
511,4,364,168,52,67,1,1,1
512,4,364,169,52,67,1,1,1
513,4,364,170,52,67,1,1,1
514,4,364,170,52,67,1,1,1
515,4,364,171,52,67,1,1,1
516,4,364,172,52,67,1,1,1
517,4,364,172,52,67,1,1,1
518,4,529,115,174,215,1,1,1
519,4,532,121,174,214,1,1,1
520,4,536,127,174,214,1,1,1
521,4,540,133,174,214,1,1,1
522,4,544,139,174,214,1,1,1
523,4,550,133,174,214,1,1,1
524,4,556,127,174,215,1,1,1
525,4,562,122,174,214,1,1,1
526,4,568,116,174,215,1,1,1
527,4,574,110,174,215,1,1,1
528,4,581,105,174,215,1,1,1
529,4,583,111,174,215,1,1,1
530,4,585,118,174,214,1,1,1
531,4,588,125,173,214,1,1,1
532,4,590,140,173,214,1,1,1
533,4,592,156,174,214,1,1,1
534,4,594,171,174,214,1,1,1
535,4,597,187,174,214,1,1,1
536,4,590,178,174,214,1,1,1
537,4,583,169,174,215,1,1,1
538,4,576,161,174,215,1,1,1
539,4,562,149,175,218,1,1,1
540,4,548,138,177,221,1,1,1
541,4,534,127,179,224,1,1,1
542,4,521,116,180,227,1,1,1
543,4,506,114,182,230,1,1,1
544,4,492,113,183,233,1,1,1
545,4,478,112,184,235,1,1,1
546,4,464,111,186,238,1,1,1
547,4,455,134,187,241,1,1,1
548,4,446,157,189,244,1,1,1
549,4,437,181,191,247,1,1,1
550,4,443,169,196,254,1,1,1
551,4,449,157,201,262,1,1,1
552,4,455,146,207,269,1,1,1
553,4,461,134,212,277,1,1,1
554,4,468,123,217,284,1,1,1
555,4,474,111,222,292,1,1,1
556,4,480,100,228,299,1,1,1
557,4,486,88,233,307,1,1,1
558,4,493,77,238,314,1,1,1
559,4,509,83,239,313,1,1,1
560,4,525,89,240,313,1,1,1
561,4,541,95,241,313,1,1,1
562,4,557,101,242,313,1,1,1
563,4,573,107,243,313,1,1,1
564,4,589,113,244,313,1,1,1
565,4,589,113,244,313,1,1,1
566,4,317,389,21,27,1,1,1
567,4,317,388,21,27,1,1,1
568,4,317,387,21,27,1,1,1
569,4,317,386,21,27,1,1,1
570,4,317,386,21,27,1,1,1
571,4,317,385,21,27,1,1,1
572,4,317,384,21,27,1,1,1
573,4,317,384,21,27,1,1,1
574,4,317,383,21,27,1,1,1
575,4,317,382,21,27,1,1,1
576,4,318,382,21,27,1,1,1
577,4,317,381,21,27,1,1,1
578,4,317,380,21,27,1,1,1
579,4,317,379,21,27,1,1,1
580,4,317,378,21,27,1,1,1
581,4,317,378,21,27,1,1,1
582,4,317,377,21,27,1,1,1
583,4,317,376,21,27,1,1,1
584,4,317,375,21,27,1,1,1
585,4,317,374,21,27,1,1,1
586,4,317,374,21,27,1,1,1
587,4,316,374,21,27,1,1,1
588,4,315,375,21,27,1,1,1
589,4,314,376,21,27,1,1,1
590,4,313,377,21,27,1,1,1
591,4,311,378,21,27,1,1,1
592,4,310,379,21,27,1,1,1
593,4,308,381,21,27,1,1,1
594,4,307,382,21,27,1,1,1
595,4,305,383,21,27,1,1,1
596,4,304,385,21,27,1,1,1
597,4,303,385,21,27,1,1,1
598,4,303,385,21,27,1,1,1
599,4,303,386,21,27,1,1,1
600,4,303,385,21,27,1,1,1
601,4,303,384,21,27,1,1,1
602,4,303,384,21,27,1,1,1
603,4,303,383,21,27,1,1,1
604,4,303,383,21,27,1,1,1
605,4,303,382,21,27,1,1,1
606,4,303,382,21,27,1,1,1
607,4,302,379,20,27,1,1,1
608,4,301,377,20,27,1,1,1
609,4,300,375,20,26,1,1,1
610,4,299,372,20,27,1,1,1
611,4,298,370,20,26,1,1,1
612,4,297,368,20,26,1,1,1
613,4,296,366,20,26,1,1,1
614,4,294,364,21,27,1,1,1
615,4,293,363,21,27,1,1,1
616,4,292,362,21,27,1,1,1
617,4,290,361,21,27,1,1,1
618,4,288,360,21,27,1,1,1
619,4,286,359,21,27,1,1,1
620,4,284,358,21,27,1,1,1
621,4,282,357,21,27,1,1,1
622,4,280,356,21,27,1,1,1
623,4,278,355,21,27,1,1,1
624,4,276,354,21,27,1,1,1
625,4,274,353,21,27,1,1,1
626,4,272,352,21,27,1,1,1
627,4,270,351,21,27,1,1,1
628,4,268,351,21,27,1,1,1
629,4,265,350,21,27,1,1,1
630,4,263,349,21,27,1,1,1
631,4,261,348,21,27,1,1,1
632,4,259,348,21,27,1,1,1
633,4,256,347,21,27,1,1,1
634,4,254,346,21,27,1,1,1
635,4,252,345,21,27,1,1,1
636,4,250,345,21,27,1,1,1
637,4,248,345,21,27,1,1,1
638,4,247,346,21,27,1,1,1
639,4,246,346,21,27,1,1,1
640,4,245,347,21,27,1,1,1
641,4,244,348,21,27,1,1,1
642,4,242,348,21,27,1,1,1
643,4,241,349,21,27,1,1,1
644,4,240,349,21,27,1,1,1
645,4,239,350,21,27,1,1,1
646,4,238,351,21,27,1,1,1
647,4,238,351,21,27,1,1,1
648,4,239,352,21,27,1,1,1
649,4,239,353,21,27,1,1,1
650,4,239,353,21,27,1,1,1
680,4,226,280,32,43,1,1,1
681,4,225,282,32,43,1,1,1
682,4,224,285,32,43,1,1,1
683,4,223,288,32,42,1,1,1
684,4,222,290,32,43,1,1,1
685,4,221,293,32,42,1,1,1
686,4,221,296,31,42,1,1,1
687,4,220,294,32,42,1,1,1
688,4,220,293,32,42,1,1,1
689,4,220,292,32,42,1,1,1
690,4,221,288,32,42,1,1,1
691,4,222,285,32,42,1,1,1
692,4,224,282,31,42,1,1,1
693,4,225,278,32,43,1,1,1
694,4,227,275,31,43,1,1,1
695,4,228,272,31,43,1,1,1
696,4,230,269,31,43,1,1,1
697,4,230,269,31,43,1,1,1
698,4,230,269,32,43,1,1,1
699,4,230,269,32,43,1,1,1
700,4,231,270,32,43,1,1,1
701,4,227,270,32,43,1,1,1
702,4,224,270,32,43,1,1,1
703,4,220,271,32,42,1,1,1
704,4,217,271,32,42,1,1,1
705,4,214,272,32,42,1,1,1
706,4,210,273,32,42,1,1,1
707,4,207,274,32,43,1,1,1
708,4,204,276,32,42,1,1,1
709,4,201,277,32,43,1,1,1
710,4,198,279,32,43,1,1,1
711,4,196,280,32,43,1,1,1
712,4,194,282,32,43,1,1,1
713,4,192,284,32,43,1,1,1
714,4,191,286,32,43,1,1,1
715,4,190,285,32,43,1,1,1
716,4,190,284,32,43,1,1,1
717,4,190,284,32,43,1,1,1
718,4,190,283,32,43,1,1,1
719,4,190,282,32,43,1,1,1
720,4,190,282,32,43,1,1,1
721,4,189,280,32,43,1,1,1
722,4,189,278,32,43,1,1,1
723,4,189,276,32,43,1,1,1
724,4,189,274,32,43,1,1,1
725,4,189,272,32,43,1,1,1
726,4,189,270,32,43,1,1,1
727,4,189,268,32,43,1,1,1
728,4,189,266,32,43,1,1,1
729,4,189,264,32,43,1,1,1
730,4,189,262,32,43,1,1,1
731,4,187,260,32,43,1,1,1
732,4,186,258,32,43,1,1,1
733,4,185,256,32,43,1,1,1
734,4,184,254,32,43,1,1,1
735,4,183,252,32,43,1,1,1
736,4,181,250,32,43,1,1,1
737,4,180,248,32,43,1,1,1
738,4,179,246,32,43,1,1,1
739,4,178,244,32,43,1,1,1
740,4,177,242,32,43,1,1,1
741,4,177,242,32,43,1,1,1
813,4,510,371,13,15,1,1,1
814,4,509,371,13,15,1,1,1
815,4,509,371,13,15,1,1,1
816,4,508,371,13,15,1,1,1
817,4,508,371,13,15,1,1,1
818,4,508,372,13,15,1,1,1
819,4,507,372,13,15,1,1,1
820,4,507,372,13,15,1,1,1
821,4,506,372,13,15,1,1,1
822,4,506,372,13,15,1,1,1
823,4,506,373,13,15,1,1,1
824,4,504,373,13,15,1,1,1
825,4,502,373,13,15,1,1,1
826,4,500,373,13,15,1,1,1
827,4,498,373,13,15,1,1,1
828,4,496,373,13,15,1,1,1
829,4,494,373,13,15,1,1,1
830,4,492,373,13,15,1,1,1
831,4,490,373,13,15,1,1,1
832,4,488,373,13,15,1,1,1
833,4,486,373,13,15,1,1,1
834,4,482,371,13,15,1,1,1
835,4,478,369,14,16,1,1,1
836,4,474,367,14,17,1,1,1
837,4,471,366,14,17,1,1,1
838,4,466,365,14,17,1,1,1
839,4,461,364,14,18,1,1,1
840,4,456,363,15,19,1,1,1
841,4,451,362,15,20,1,1,1
842,4,446,361,15,21,1,1,1
843,4,441,361,16,21,1,1,1
844,4,433,360,17,21,1,1,1
845,4,426,359,17,22,1,1,1
846,4,419,358,17,22,1,1,1
847,4,412,357,17,23,1,1,1
848,4,405,357,18,23,1,1,1
849,4,395,356,18,24,1,1,1
850,4,385,356,19,24,1,1,1
851,4,375,356,20,25,1,1,1
852,4,365,355,20,26,1,1,1
853,4,355,355,21,27,1,1,1
854,4,345,355,22,27,1,1,1
855,4,335,355,23,28,1,1,1
856,4,320,355,24,30,1,1,1
857,4,305,356,26,31,1,1,1
858,4,291,357,27,33,1,1,1
859,4,271,356,29,35,1,1,1
860,4,252,356,30,36,1,1,1
861,4,233,356,31,38,1,1,1
862,4,204,354,33,40,1,1,1
863,4,175,352,36,43,1,1,1
864,4,146,350,38,45,1,1,1
865,4,118,349,40,47,1,1,1
866,4,80,344,42,49,1,1,1
867,4,42,339,44,51,1,1,1
909,4,17,311,45,55,1,1,1
910,4,40,312,43,53,1,1,1
911,4,63,314,42,51,1,1,1
912,4,86,316,41,49,1,1,1
913,4,110,318,39,47,1,1,1
914,4,131,319,38,45,1,1,1
915,4,153,320,36,43,1,1,1
916,4,175,322,35,40,1,1,1
917,4,193,324,34,37,1,1,1
918,4,212,326,32,35,1,1,1
1008,4,408,413,16,19,1,1,1
1009,4,408,412,16,19,1,1,1
1010,4,408,411,16,19,1,1,1
1011,4,408,411,16,19,1,1,1
1012,4,408,410,16,19,1,1,1
1013,4,408,410,16,19,1,1,1
1014,4,408,409,16,19,1,1,1
1015,4,409,409,16,19,1,1,1
1016,4,409,408,16,19,1,1,1
1017,4,409,407,16,19,1,1,1
1018,4,409,407,16,19,1,1,1
1019,4,409,406,16,19,1,1,1
1020,4,409,406,16,19,1,1,1
1021,4,409,405,16,19,1,1,1
1022,4,410,405,16,19,1,1,1
1023,4,409,403,16,19,1,1,1
1024,4,409,401,16,19,1,1,1
1025,4,409,399,16,19,1,1,1
1026,4,409,397,16,19,1,1,1
1027,4,409,395,16,19,1,1,1
1028,4,409,393,16,19,1,1,1
1029,4,409,390,16,19,1,1,1
1030,4,409,387,16,20,1,1,1
1031,4,409,384,16,20,1,1,1
1032,4,409,381,17,21,1,1,1
1033,4,409,378,17,21,1,1,1
1034,4,409,375,17,22,1,1,1
1035,4,409,372,18,22,1,1,1
1036,4,409,369,18,23,1,1,1
1037,4,409,366,18,23,1,1,1
1038,4,410,363,18,24,1,1,1
1039,4,410,360,18,24,1,1,1
1040,4,410,357,18,24,1,1,1
1041,4,410,354,19,24,1,1,1
1042,4,410,351,19,25,1,1,1
1043,4,411,348,19,25,1,1,1
1044,4,411,345,19,25,1,1,1
1045,4,411,342,19,26,1,1,1
1046,4,411,339,20,26,1,1,1
1047,4,411,336,20,26,1,1,1
1048,4,412,333,20,27,1,1,1
1049,4,410,331,20,27,1,1,1
1050,4,409,329,20,27,1,1,1
1051,4,408,328,20,26,1,1,1
1052,4,406,325,20,26,1,1,1
1053,4,404,323,20,26,1,1,1
1054,4,402,321,20,26,1,1,1
1055,4,400,318,20,27,1,1,1
1056,4,398,316,20,27,1,1,1
1057,4,396,314,20,27,1,1,1
1058,4,395,312,20,27,1,1,1
1059,4,393,310,20,27,1,1,1
1060,4,391,308,20,27,1,1,1
1061,4,389,306,20,27,1,1,1
1062,4,388,304,20,27,1,1,1
1063,4,386,302,20,27,1,1,1
1064,4,384,300,20,27,1,1,1
1065,4,384,300,20,27,1,1,1
1110,4,3,372,58,73,1,1,1
1111,4,20,375,56,71,1,1,1
1112,4,37,378,55,69,1,1,1
1113,4,54,381,54,67,1,1,1
1114,4,71,385,53,65,1,1,1
1115,4,86,389,52,63,1,1,1
1116,4,102,394,50,61,1,1,1
1117,4,118,399,49,59,1,1,1
1118,4,133,404,48,57,1,1,1
1119,4,149,409,46,55,1,1,1
1120,4,165,414,45,53,1,1,1
1121,4,177,419,44,51,1,1,1
1122,4,190,424,42,50,1,1,1
1123,4,203,429,41,49,1,1,1
1124,4,215,429,40,47,1,1,1
1125,4,228,429,39,46,1,1,1
1126,4,241,430,38,44,1,1,1
1127,4,250,428,37,42,1,1,1
1128,4,260,426,36,41,1,1,1
1129,4,270,424,34,40,1,1,1
1130,4,280,423,33,38,1,1,1
1131,4,287,420,33,38,1,1,1
1132,4,295,418,32,37,1,1,1
1133,4,303,416,32,37,1,1,1
1134,4,308,416,31,36,1,1,1
1135,4,313,416,31,36,1,1,1
1136,4,319,416,30,36,1,1,1
1137,4,324,416,30,35,1,1,1
1138,4,330,416,29,35,1,1,1
1139,4,335,416,29,35,1,1,1
1140,4,341,417,28,34,1,1,1
1141,4,346,416,27,33,1,1,1
1142,4,351,415,27,33,1,1,1
1143,4,356,415,27,32,1,1,1
1144,4,362,414,25,32,1,1,1
1145,4,367,414,25,31,1,1,1
1146,4,372,413,25,31,1,1,1
1147,4,378,412,23,31,1,1,1
1148,4,383,412,23,30,1,1,1
1149,4,388,411,23,30,1,1,1
1150,4,394,411,22,29,1,1,1
1151,4,397,410,22,29,1,1,1
1152,4,400,410,22,29,1,1,1
1153,4,403,410,22,29,1,1,1
1154,4,406,409,22,29,1,1,1
1155,4,410,409,22,29,1,1,1
1156,4,413,409,22,29,1,1,1
1157,4,416,408,22,29,1,1,1
1158,4,419,408,22,29,1,1,1
1159,4,422,408,22,29,1,1,1
1160,4,426,408,22,29,1,1,1
1161,4,428,408,22,29,1,1,1
1162,4,430,408,22,29,1,1,1
1163,4,432,408,22,29,1,1,1
1164,4,435,409,22,29,1,1,1
1165,4,437,410,22,29,1,1,1
1166,4,439,411,22,29,1,1,1
1167,4,441,412,22,29,1,1,1
1168,4,443,413,22,29,1,1,1
1169,4,445,414,22,29,1,1,1
1170,4,447,415,22,29,1,1,1
1171,4,449,414,22,29,1,1,1
1172,4,451,414,22,28,1,1,1
1173,4,453,414,22,27,1,1,1
1174,4,456,414,21,27,1,1,1
1175,4,455,413,21,27,1,1,1
1176,4,455,412,20,27,1,1,1
1177,4,455,412,20,26,1,1,1
1178,4,455,410,20,25,1,1,1
1179,4,455,408,20,25,1,1,1
1180,4,455,408,20,25,1,1,1
1240,4,801,113,90,108,1,1,1
1241,4,784,118,90,108,1,1,1
1242,4,767,123,90,108,1,1,1
1243,4,750,128,90,108,1,1,1
1244,4,734,134,90,108,1,1,1
1245,4,717,131,90,108,1,1,1
1246,4,701,128,90,108,1,1,1
1247,4,684,125,90,108,1,1,1
1248,4,668,123,90,108,1,1,1
1249,4,648,118,90,108,1,1,1
1250,4,629,113,90,108,1,1,1
1251,4,609,108,90,108,1,1,1
1252,4,590,104,90,108,1,1,1
1253,4,572,113,90,108,1,1,1
1254,4,555,122,90,108,1,1,1
1255,4,537,131,90,108,1,1,1
1256,4,520,140,90,108,1,1,1
1257,4,503,149,90,108,1,1,1
1258,4,486,148,90,108,1,1,1
1259,4,469,147,90,108,1,1,1
1260,4,453,146,90,108,1,1,1
1261,4,436,145,90,108,1,1,1
1262,4,420,144,90,108,1,1,1
1263,4,408,140,90,108,1,1,1
1264,4,396,136,90,108,1,1,1
1265,4,384,133,90,108,1,1,1
1266,4,372,129,90,108,1,1,1
1267,4,360,125,90,108,1,1,1
1268,4,360,125,90,108,1,1,1
1473,4,40,285,41,52,1,1,1
1474,4,67,288,40,51,1,1,1
1475,4,94,292,39,49,1,1,1
1476,4,121,296,39,47,1,1,1
1477,4,143,297,38,45,1,1,1
1478,4,165,298,37,44,1,1,1
1479,4,187,299,36,43,1,1,1
1480,4,209,300,35,42,1,1,1
1481,4,231,301,34,41,1,1,1
1482,4,253,302,33,40,1,1,1
1483,4,276,303,32,39,1,1,1
1484,4,293,304,31,38,1,1,1
1485,4,310,305,31,38,1,1,1
1486,4,327,306,31,37,1,1,1
1487,4,345,308,30,36,1,1,1
1488,4,359,311,29,35,1,1,1
1489,4,373,314,29,35,1,1,1
1490,4,387,318,29,33,1,1,1
1491,4,401,321,28,33,1,1,1
1492,4,415,324,28,32,1,1,1
1493,4,429,328,28,31,1,1,1
1494,4,439,328,28,30,1,1,1
1495,4,450,328,27,29,1,1,1
1496,4,460,328,27,29,1,1,1
1497,4,471,328,26,28,1,1,1
1498,4,481,328,26,27,1,1,1
1499,4,492,328,25,27,1,1,1
1500,4,500,328,24,27,1,1,1
1501,4,508,329,24,26,1,1,1
1502,4,516,329,23,26,1,1,1
1503,4,524,330,23,25,1,1,1
1504,4,529,331,23,25,1,1,1
1505,4,535,332,22,25,1,1,1
1506,4,540,334,23,25,1,1,1
1507,4,546,335,22,25,1,1,1
1508,4,552,337,22,25,1,1,1
1509,4,555,337,22,25,1,1,1
1510,4,559,338,22,25,1,1,1
1511,4,563,338,21,25,1,1,1
1512,4,566,339,22,25,1,1,1
1513,4,570,339,21,25,1,1,1
1514,4,574,340,21,25,1,1,1
1515,4,576,341,21,24,1,1,1
1516,4,578,342,21,24,1,1,1
1517,4,580,343,21,24,1,1,1
1518,4,582,344,21,24,1,1,1
1519,4,582,346,21,24,1,1,1
1520,4,583,349,21,23,1,1,1
1521,4,584,351,20,24,1,1,1
1522,4,584,354,21,23,1,1,1
1523,4,585,356,20,23,1,1,1
1524,4,586,359,20,23,1,1,1
1525,4,586,361,20,22,1,1,1
1526,4,587,363,19,22,1,1,1
1527,4,587,365,19,22,1,1,1
1528,4,588,367,19,22,1,1,1
1529,4,588,369,19,22,1,1,1
1530,4,589,372,18,21,1,1,1
1531,4,589,374,18,21,1,1,1
1532,4,590,376,18,21,1,1,1
1533,4,590,378,18,21,1,1,1
1534,4,591,380,17,21,1,1,1
1535,4,591,380,17,21,1,1,1
1536,4,382,214,134,168,1,1,1
1537,4,386,210,134,168,1,1,1
1538,4,390,207,134,168,1,1,1
1539,4,394,203,134,168,1,1,1
1540,4,398,200,134,168,1,1,1
1541,4,401,201,134,168,1,1,1
1542,4,404,202,134,168,1,1,1
1543,4,407,204,134,168,1,1,1
1544,4,410,205,134,168,1,1,1
1545,4,413,206,134,168,1,1,1
1546,4,416,208,134,168,1,1,1
1547,4,417,210,134,167,1,1,1
1548,4,418,212,135,166,1,1,1
1549,4,419,214,135,165,1,1,1
1550,4,420,216,136,165,1,1,1
1551,4,418,211,137,164,1,1,1
1552,4,417,207,137,163,1,1,1
1553,4,416,203,137,162,1,1,1
1554,4,414,198,138,161,1,1,1
1555,4,413,194,138,160,1,1,1
1556,4,412,190,139,159,1,1,1
1557,4,410,184,139,158,1,1,1
1558,4,408,178,139,158,1,1,1
1559,4,406,172,139,158,1,1,1
1560,4,404,166,139,158,1,1,1
1561,4,402,166,139,158,1,1,1
1562,4,400,166,139,159,1,1,1
1563,4,398,167,139,158,1,1,1
1564,4,396,167,139,159,1,1,1
1565,4,394,167,139,159,1,1,1
1566,4,393,168,139,159,1,1,1
1567,4,393,164,139,159,1,1,1
1568,4,394,160,139,159,1,1,1
1569,4,394,156,139,159,1,1,1
1570,4,395,152,139,159,1,1,1
1571,4,396,148,139,159,1,1,1
1572,4,396,144,139,159,1,1,1
1573,4,397,140,139,159,1,1,1
1574,4,397,136,139,159,1,1,1
1575,4,398,132,139,159,1,1,1
1576,4,399,128,139,159,1,1,1
1577,4,400,132,137,157,1,1,1
1578,4,401,137,136,154,1,1,1
1579,4,402,142,134,151,1,1,1
1580,4,403,147,133,148,1,1,1
1581,4,405,152,131,145,1,1,1
1582,4,406,150,129,142,1,1,1
1583,4,407,149,128,139,1,1,1
1584,4,408,148,127,136,1,1,1
1585,4,409,147,126,133,1,1,1
1586,4,410,146,125,130,1,1,1
1587,4,411,145,124,127,1,1,1
1588,4,412,144,123,124,1,1,1
1589,4,413,144,122,124,1,1,1
1590,4,415,145,120,123,1,1,1
1591,4,417,146,119,122,1,1,1
1592,4,418,149,118,121,1,1,1
1593,4,420,152,117,121,1,1,1
1594,4,421,155,117,121,1,1,1
1595,4,423,158,116,121,1,1,1
1596,4,425,162,115,120,1,1,1
1597,4,429,157,113,118,1,1,1
1598,4,433,153,111,116,1,1,1
1599,4,438,148,108,115,1,1,1
1600,4,442,144,106,112,1,1,1
1601,4,447,139,103,111,1,1,1
1602,4,451,135,101,109,1,1,1
1603,4,456,131,99,107,1,1,1
1604,4,460,131,97,105,1,1,1
1605,4,464,131,95,104,1,1,1
1606,4,469,131,92,103,1,1,1
1607,4,471,133,90,101,1,1,1
1608,4,473,136,89,99,1,1,1
1609,4,476,138,86,97,1,1,1
1610,4,478,141,85,95,1,1,1
1611,4,481,144,83,93,1,1,1
1612,4,483,144,82,91,1,1,1
1613,4,485,144,81,89,1,1,1
1614,4,488,144,79,88,1,1,1
1615,4,490,144,78,86,1,1,1
1616,4,493,145,76,84,1,1,1
1617,4,494,145,76,83,1,1,1
1618,4,495,145,76,82,1,1,1
1619,4,497,146,75,81,1,1,1
1620,4,498,148,75,80,1,1,1
1621,4,500,150,74,79,1,1,1
1622,4,502,152,73,79,1,1,1
1623,4,503,155,73,77,1,1,1
1624,4,505,157,72,77,1,1,1
1625,4,507,159,71,76,1,1,1
1626,4,509,162,70,75,1,1,1
1627,4,509,160,70,75,1,1,1
1628,4,510,158,70,75,1,1,1
1629,4,511,156,70,75,1,1,1
1630,4,512,154,69,75,1,1,1
1631,4,513,152,69,75,1,1,1
1632,4,514,150,69,75,1,1,1
1633,4,515,148,69,75,1,1,1
1634,4,516,148,69,75,1,1,1
1635,4,517,149,69,75,1,1,1
1636,4,518,150,70,75,1,1,1
1637,4,517,151,70,75,1,1,1
1638,4,517,152,70,75,1,1,1
1639,4,516,154,70,74,1,1,1
1640,4,516,155,70,74,1,1,1
1641,4,515,156,70,74,1,1,1
1642,4,515,158,70,74,1,1,1
1643,4,514,155,70,74,1,1,1
1644,4,513,153,70,74,1,1,1
1645,4,513,150,69,75,1,1,1
1646,4,512,148,69,74,1,1,1
1647,4,511,145,69,75,1,1,1
1648,4,511,143,69,75,1,1,1
1649,4,510,145,69,75,1,1,1
1650,4,510,147,69,75,1,1,1
1651,4,509,149,69,75,1,1,1
1652,4,509,151,69,75,1,1,1
1653,4,508,153,70,75,1,1,1
1654,4,508,155,69,75,1,1,1
1655,4,507,157,70,75,1,1,1
1656,4,507,160,70,75,1,1,1
1657,4,508,159,69,75,1,1,1
1658,4,509,159,69,74,1,1,1
1659,4,510,158,68,75,1,1,1
1660,4,511,158,68,74,1,1,1
1661,4,512,157,67,75,1,1,1
1662,4,513,157,67,74,1,1,1
1663,4,515,157,66,74,1,1,1
1664,4,516,160,65,74,1,1,1
1665,4,517,163,65,74,1,1,1
1666,4,519,167,64,74,1,1,1
1667,4,520,169,63,72,1,1,1
1668,4,521,171,63,71,1,1,1
1669,4,523,173,61,69,1,1,1
1670,4,524,175,61,68,1,1,1
1671,4,526,177,60,67,1,1,1
1672,4,527,179,59,65,1,1,1
1673,4,528,181,59,64,1,1,1
1674,4,530,183,57,62,1,1,1
1675,4,531,185,57,61,1,1,1
1676,4,533,187,56,60,1,1,1
1677,4,534,190,55,59,1,1,1
1678,4,535,194,55,58,1,1,1
1679,4,536,198,54,56,1,1,1
1680,4,538,202,53,55,1,1,1
1681,4,539,206,53,53,1,1,1
1682,4,540,209,52,53,1,1,1
1683,4,542,213,51,51,1,1,1
1684,4,543,217,50,50,1,1,1
1685,4,544,221,50,48,1,1,1
1686,4,546,225,49,47,1,1,1
1687,4,546,223,48,47,1,1,1
1688,4,546,221,48,47,1,1,1
1689,4,546,220,48,47,1,1,1
1690,4,546,220,48,47,1,1,1
1691,4,546,221,48,47,1,1,1
1692,4,547,222,47,46,1,1,1
1693,4,547,222,47,47,1,1,1
1694,4,548,223,46,46,1,1,1
1695,4,548,224,46,46,1,1,1
1696,4,549,225,46,46,1,1,1
1697,4,548,225,46,46,1,1,1
1698,4,547,226,46,46,1,1,1
1699,4,546,227,46,46,1,1,1
1700,4,546,227,46,46,1,1,1
1701,4,545,228,46,46,1,1,1
1702,4,544,229,46,46,1,1,1
1703,4,544,229,46,46,1,1,1
1704,4,543,230,46,46,1,1,1
1705,4,542,231,46,46,1,1,1
1706,4,542,232,46,46,1,1,1
1707,4,541,232,46,46,1,1,1
1708,4,541,233,45,46,1,1,1
1709,4,541,234,44,45,1,1,1
1710,4,541,234,44,45,1,1,1
1757,4,549,391,20,24,1,1,1
1758,4,547,391,20,23,1,1,1
1759,4,545,391,20,23,1,1,1
1760,4,543,391,20,23,1,1,1
1761,4,541,391,20,23,1,1,1
1762,4,539,391,20,23,1,1,1
1763,4,537,391,20,23,1,1,1
1764,4,535,391,20,23,1,1,1
1765,4,532,390,20,24,1,1,1
1766,4,529,390,20,24,1,1,1
1767,4,527,390,20,24,1,1,1
1768,4,523,390,20,24,1,1,1
1769,4,519,390,20,24,1,1,1
1770,4,515,390,20,24,1,1,1
1771,4,511,390,20,24,1,1,1
1772,4,507,390,20,24,1,1,1
1773,4,503,390,20,24,1,1,1
1774,4,499,391,20,24,1,1,1
1775,4,496,390,20,24,1,1,1
1776,4,494,390,20,24,1,1,1
1777,4,492,390,20,24,1,1,1
1778,4,489,390,19,24,1,1,1
1779,4,486,390,19,24,1,1,1
1780,4,483,390,19,24,1,1,1
1781,4,480,390,19,24,1,1,1
1782,4,477,390,19,24,1,1,1
1783,4,474,390,19,24,1,1,1
1784,4,471,391,19,24,1,1,1
1785,4,468,392,19,24,1,1,1
1786,4,465,393,19,24,1,1,1
1787,4,462,394,20,24,1,1,1
1788,4,458,393,20,24,1,1,1
1789,4,455,392,20,25,1,1,1
1790,4,451,392,20,25,1,1,1
1791,4,448,391,20,25,1,1,1
1792,4,444,391,20,25,1,1,1
1793,4,441,390,20,26,1,1,1
1794,4,438,390,20,26,1,1,1
1795,4,435,389,21,26,1,1,1
1796,4,433,388,21,26,1,1,1
1797,4,431,387,21,26,1,1,1
1798,4,428,387,21,26,1,1,1
1799,4,426,387,21,26,1,1,1
1800,4,424,387,21,26,1,1,1
1801,4,421,387,21,26,1,1,1
1802,4,419,387,21,26,1,1,1
1803,4,417,387,21,26,1,1,1
1804,4,415,388,21,26,1,1,1
1805,4,414,388,21,26,1,1,1
1806,4,413,389,21,26,1,1,1
1807,4,412,390,21,26,1,1,1
1808,4,410,390,21,26,1,1,1
1809,4,409,391,21,26,1,1,1
1810,4,408,392,21,26,1,1,1
1811,4,406,393,21,26,1,1,1
1812,4,405,394,21,26,1,1,1
1813,4,404,395,21,26,1,1,1
1814,4,403,396,21,26,1,1,1
1815,4,403,394,21,26,1,1,1
1816,4,403,392,21,26,1,1,1
1817,4,404,391,21,26,1,1,1
1818,4,404,388,21,25,1,1,1
1819,4,405,385,21,25,1,1,1
1820,4,406,382,21,25,1,1,1
1821,4,406,379,21,25,1,1,1
1822,4,407,377,21,25,1,1,1
1823,4,408,374,21,25,1,1,1
1824,4,409,372,21,25,1,1,1
1825,4,410,370,21,25,1,1,1
1826,4,410,369,21,25,1,1,1
1827,4,411,369,21,25,1,1,1
1828,4,411,369,22,25,1,1,1
1829,4,412,368,22,26,1,1,1
1830,4,412,368,22,26,1,1,1
1831,4,413,368,22,26,1,1,1
1832,4,414,367,22,27,1,1,1
1833,4,414,367,23,27,1,1,1
1834,4,415,367,22,27,1,1,1
1835,4,415,366,23,28,1,1,1
1836,4,416,366,23,28,1,1,1
1837,4,417,366,23,28,1,1,1
1838,4,418,365,23,28,1,1,1
1839,4,419,365,23,28,1,1,1
1840,4,420,364,23,28,1,1,1
1841,4,422,364,23,28,1,1,1
1842,4,423,363,23,28,1,1,1
1843,4,424,363,23,28,1,1,1
1844,4,426,363,23,28,1,1,1
1845,4,426,359,23,28,1,1,1
1846,4,427,355,23,28,1,1,1
1847,4,428,351,23,28,1,1,1
1848,4,429,347,23,28,1,1,1
1849,4,430,343,23,28,1,1,1
1850,4,430,341,23,28,1,1,1
1851,4,431,339,22,28,1,1,1
1852,4,432,338,22,28,1,1,1
1853,4,432,337,22,28,1,1,1
1854,4,432,336,22,28,1,1,1
1855,4,432,336,23,28,1,1,1
1856,4,432,335,23,28,1,1,1
1857,4,432,335,23,28,1,1,1
1932,4,152,225,43,50,1,1,1
1933,4,151,225,43,50,1,1,1
1934,4,150,225,43,50,1,1,1
1935,4,150,225,43,50,1,1,1
1936,4,149,225,43,50,1,1,1
1937,4,149,226,43,50,1,1,1
1938,4,148,226,43,50,1,1,1
1939,4,147,226,43,50,1,1,1
1940,4,147,226,43,50,1,1,1
1941,4,146,226,43,50,1,1,1
1942,4,146,227,43,50,1,1,1
1943,4,145,227,43,50,1,1,1
1944,4,144,227,43,50,1,1,1
1945,4,143,228,43,50,1,1,1
1946,4,142,228,43,50,1,1,1
1947,4,142,229,43,50,1,1,1
1948,4,141,229,43,50,1,1,1
1949,4,140,229,43,50,1,1,1
1950,4,139,230,43,50,1,1,1
1951,4,138,230,43,50,1,1,1
1952,4,138,231,43,50,1,1,1
1953,4,138,229,43,50,1,1,1
1954,4,138,228,43,50,1,1,1
1955,4,138,227,43,50,1,1,1
1956,4,138,226,43,50,1,1,1
1957,4,138,225,43,50,1,1,1
1958,4,138,224,43,50,1,1,1
1959,4,138,223,43,50,1,1,1
1960,4,138,222,43,50,1,1,1
1961,4,138,221,43,50,1,1,1
1962,4,139,220,43,50,1,1,1
1963,4,138,221,43,50,1,1,1
1964,4,138,222,43,50,1,1,1
1965,4,138,223,43,50,1,1,1
1966,4,138,224,43,50,1,1,1
1967,4,138,225,43,50,1,1,1
1968,4,138,226,43,50,1,1,1
1969,4,138,227,43,50,1,1,1
1970,4,138,228,43,50,1,1,1
1971,4,138,229,43,50,1,1,1
1972,4,138,230,43,50,1,1,1
1973,4,137,229,43,50,1,1,1
1974,4,137,228,43,50,1,1,1
1975,4,136,228,43,50,1,1,1
1976,4,136,227,43,50,1,1,1
1977,4,135,227,43,50,1,1,1
1978,4,135,226,43,50,1,1,1
1979,4,135,226,43,50,1,1,1
2008,4,118,210,51,56,1,1,1
2009,4,119,210,51,56,1,1,1
2010,4,120,210,51,56,1,1,1
2011,4,121,210,51,56,1,1,1
2012,4,122,210,51,56,1,1,1
2013,4,123,211,51,56,1,1,1
2014,4,124,211,51,56,1,1,1
2015,4,125,211,51,56,1,1,1
2016,4,126,211,51,56,1,1,1
2017,4,127,211,51,56,1,1,1
2018,4,129,212,51,56,1,1,1
2019,4,130,212,51,56,1,1,1
2020,4,132,213,50,55,1,1,1
2021,4,133,213,50,55,1,1,1
2022,4,135,214,49,54,1,1,1
2023,4,136,214,49,55,1,1,1
2024,4,138,215,48,54,1,1,1
2025,4,139,215,48,54,1,1,1
2026,4,141,216,47,53,1,1,1
2027,4,142,216,47,53,1,1,1
2028,4,144,217,46,53,1,1,1
2029,4,144,216,46,53,1,1,1
2030,4,145,216,46,53,1,1,1
2031,4,145,216,46,53,1,1,1
2032,4,146,215,46,53,1,1,1
2033,4,146,215,46,53,1,1,1
2034,4,147,215,46,53,1,1,1
2035,4,147,215,46,53,1,1,1
2176,4,45,226,54,72,1,1,1
2177,4,79,227,53,69,1,1,1
2178,4,113,228,52,66,1,1,1
2179,4,147,229,51,64,1,1,1
2180,4,181,230,50,61,1,1,1
2181,4,215,231,49,59,1,1,1
2182,4,240,233,47,56,1,1,1
2183,4,265,235,46,54,1,1,1
2184,4,290,237,45,51,1,1,1
2185,4,315,239,44,49,1,1,1
2186,4,340,242,43,46,1,1,1
2187,4,357,245,42,46,1,1,1
2188,4,374,249,42,45,1,1,1
2189,4,392,253,41,45,1,1,1
2190,4,406,255,40,44,1,1,1
2191,4,420,257,39,44,1,1,1
2192,4,434,259,39,44,1,1,1
2193,4,448,261,38,44,1,1,1
2194,4,463,264,37,43,1,1,1
2195,4,473,266,36,43,1,1,1
2196,4,484,269,35,43,1,1,1
2197,4,494,272,35,42,1,1,1
2198,4,494,272,35,42,1,1,1
2199,4,609,128,144,177,1,1,1
2200,4,607,131,143,176,1,1,1
2201,4,605,134,143,176,1,1,1
2202,4,603,137,143,176,1,1,1
2203,4,601,140,143,176,1,1,1
2204,4,599,143,143,176,1,1,1
2205,4,600,137,143,176,1,1,1
2206,4,601,131,143,177,1,1,1
2207,4,602,126,144,176,1,1,1
2208,4,603,120,144,177,1,1,1
2209,4,605,115,144,177,1,1,1
2210,4,608,122,143,177,1,1,1
2211,4,611,129,143,177,1,1,1
2212,4,614,137,143,177,1,1,1
2213,4,617,144,143,177,1,1,1
2214,4,620,151,143,177,1,1,1
2215,4,623,159,143,177,1,1,1
2216,4,618,154,143,177,1,1,1
2217,4,614,150,143,177,1,1,1
2218,4,609,146,144,177,1,1,1
2219,4,605,142,144,177,1,1,1
2220,4,601,136,145,178,1,1,1
2221,4,597,130,146,180,1,1,1
2222,4,593,124,148,181,1,1,1
2223,4,589,118,149,183,1,1,1
2224,4,585,112,150,184,1,1,1
2225,4,581,106,152,186,1,1,1
2226,4,576,118,153,188,1,1,1
2227,4,571,130,154,190,1,1,1
2228,4,566,142,155,192,1,1,1
2229,4,561,155,156,193,1,1,1
2230,4,560,154,160,198,1,1,1
2231,4,559,154,165,203,1,1,1
2232,4,558,154,170,207,1,1,1
2233,4,558,154,174,212,1,1,1
2234,4,570,151,179,217,1,1,1
2235,4,583,149,183,222,1,1,1
2236,4,595,147,188,226,1,1,1
2237,4,608,144,192,232,1,1,1
2238,4,620,142,197,236,1,1,1
2239,4,633,140,201,241,1,1,1
2240,4,651,133,206,247,1,1,1
2241,4,669,126,211,253,1,1,1
2242,4,688,120,215,258,1,1,1
2243,4,690,116,220,264,1,1,1
2244,4,693,113,225,269,1,1,1
2245,4,696,109,230,275,1,1,1
2246,4,699,106,235,280,1,1,1
2247,4,687,98,239,285,1,1,1
2248,4,675,90,244,290,1,1,1
2249,4,663,82,249,296,1,1,1
2250,4,653,84,251,298,1,1,1
2251,4,643,86,253,300,1,1,1
2252,4,634,89,255,302,1,1,1
2253,4,624,91,257,304,1,1,1
2254,4,615,94,259,306,1,1,1
2255,4,605,101,261,307,1,1,1
2256,4,596,108,262,309,1,1,1
2257,4,587,115,264,311,1,1,1
2258,4,577,122,266,313,1,1,1
2259,4,568,129,268,315,1,1,1
2260,4,559,136,269,317,1,1,1
2261,4,559,136,269,317,1,1,1
2309,4,12,148,87,96,1,1,1
2310,4,34,156,84,93,1,1,1
2311,4,57,165,80,89,1,1,1
2312,4,79,174,77,86,1,1,1
2313,4,102,182,73,83,1,1,1
2314,4,124,191,70,79,1,1,1
2315,4,147,200,66,76,1,1,1
2316,4,163,208,63,73,1,1,1
2317,4,180,216,59,70,1,1,1
2318,4,196,224,56,67,1,1,1
2319,4,213,233,52,63,1,1,1
2320,4,225,238,50,61,1,1,1
2321,4,237,244,48,59,1,1,1
2322,4,250,250,46,56,1,1,1
2323,4,262,256,44,54,1,1,1
2324,4,274,262,42,51,1,1,1
2325,4,287,268,40,49,1,1,1
2326,4,297,273,38,47,1,1,1
2327,4,307,278,36,45,1,1,1
2328,4,317,283,34,43,1,1,1
2329,4,328,289,32,40,1,1,1
2330,4,335,293,32,40,1,1,1
2331,4,342,297,32,40,1,1,1
2332,4,342,297,32,40,1,1,1
2441,4,16,263,44,49,1,1,1
2442,4,39,266,44,47,1,1,1
2443,4,63,269,43,46,1,1,1
2444,4,87,272,42,45,1,1,1
2445,4,111,275,41,44,1,1,1
2446,4,135,279,41,42,1,1,1
2447,4,136,282,40,41,1,1,1
2448,4,137,285,40,40,1,1,1
2449,4,139,288,38,39,1,1,1
2450,4,140,291,38,38,1,1,1
2451,4,140,291,38,38,1,1,1
2481,4,534,208,179,195,1,1,1
2482,4,536,208,179,195,1,1,1
2483,4,538,209,179,195,1,1,1
2484,4,541,210,179,195,1,1,1
2485,4,543,189,179,195,1,1,1
2486,4,546,169,179,195,1,1,1
2487,4,548,149,179,195,1,1,1
2488,4,551,129,179,195,1,1,1
2489,4,554,109,179,195,1,1,1
2490,4,560,99,179,195,1,1,1
2491,4,566,89,180,195,1,1,1
2492,4,572,80,181,195,1,1,1
2493,4,579,82,181,196,1,1,1
2494,4,586,85,182,196,1,1,1
2495,4,593,87,182,197,1,1,1
2496,4,600,90,183,198,1,1,1
2497,4,598,104,183,199,1,1,1
2498,4,596,119,184,199,1,1,1
2499,4,594,134,184,199,1,1,1
2500,4,592,149,185,199,1,1,1
2501,4,590,164,186,200,1,1,1
2502,4,582,171,186,200,1,1,1
2503,4,574,179,186,200,1,1,1
2504,4,567,186,186,200,1,1,1
2505,4,559,194,186,200,1,1,1
2506,4,551,201,186,200,1,1,1
2507,4,551,201,186,200,1,1,1
2508,4,430,382,26,25,1,1,1
2509,4,426,380,26,25,1,1,1
2510,4,422,378,26,25,1,1,1
2511,4,418,376,26,25,1,1,1
2512,4,414,375,26,24,1,1,1
2513,4,411,373,25,25,1,1,1
2514,4,407,371,25,25,1,1,1
2515,4,403,370,25,24,1,1,1
2516,4,399,368,25,24,1,1,1
2517,4,395,366,25,24,1,1,1
2518,4,392,365,24,24,1,1,1
2519,4,388,363,24,24,1,1,1
2520,4,385,362,23,24,1,1,1
2521,4,381,361,24,24,1,1,1
2522,4,378,360,23,23,1,1,1
2523,4,375,359,23,23,1,1,1
2524,4,371,357,23,24,1,1,1
2525,4,368,356,22,23,1,1,1
2526,4,364,355,23,23,1,1,1
2527,4,361,354,22,23,1,1,1
2528,4,358,353,22,23,1,1,1
2529,4,353,352,23,24,1,1,1
2530,4,349,352,23,24,1,1,1
2531,4,345,351,23,25,1,1,1
2532,4,341,351,23,25,1,1,1
2533,4,337,351,23,25,1,1,1
2534,4,333,350,23,26,1,1,1
2535,4,329,350,23,26,1,1,1
2536,4,325,349,23,27,1,1,1
2537,4,321,349,23,27,1,1,1
2538,4,317,349,24,28,1,1,1
2539,4,313,348,24,28,1,1,1
2540,4,309,347,24,28,1,1,1
2541,4,305,346,24,28,1,1,1
2542,4,301,346,24,28,1,1,1
2543,4,297,345,24,28,1,1,1
2544,4,293,344,24,28,1,1,1
2545,4,289,344,24,28,1,1,1
2546,4,285,343,24,28,1,1,1
2547,4,281,342,24,28,1,1,1
2548,4,278,342,24,28,1,1,1
2549,4,273,339,24,28,1,1,1
2550,4,269,337,24,28,1,1,1
2551,4,264,335,24,28,1,1,1
2552,4,260,333,24,28,1,1,1
2553,4,256,331,24,28,1,1,1
2554,4,253,331,24,28,1,1,1
2555,4,250,331,24,28,1,1,1
2556,4,247,331,24,28,1,1,1
2557,4,244,331,24,28,1,1,1
2558,4,241,331,24,28,1,1,1
2559,4,238,330,24,28,1,1,1
2560,4,235,330,24,28,1,1,1
2561,4,232,330,24,28,1,1,1
2562,4,229,330,24,28,1,1,1
2563,4,226,330,24,28,1,1,1
2564,4,224,330,24,28,1,1,1
2565,4,220,328,24,28,1,1,1
2566,4,216,326,24,28,1,1,1
2567,4,212,324,24,28,1,1,1
2568,4,208,323,25,28,1,1,1
2569,4,204,319,25,29,1,1,1
2570,4,200,316,26,29,1,1,1
2571,4,197,313,26,29,1,1,1
2572,4,193,310,26,29,1,1,1
2573,4,190,307,26,30,1,1,1
2574,4,186,303,27,31,1,1,1
2575,4,182,300,27,31,1,1,1
2576,4,179,297,27,31,1,1,1
2577,4,175,294,28,31,1,1,1
2578,4,172,291,28,32,1,1,1
2579,4,169,289,28,32,1,1,1
2580,4,166,288,28,32,1,1,1
2581,4,163,286,28,32,1,1,1
2582,4,161,285,28,32,1,1,1
2583,4,158,284,28,32,1,1,1
2584,4,155,282,28,32,1,1,1
2585,4,152,281,28,32,1,1,1
2586,4,150,280,28,32,1,1,1
2587,4,150,279,28,32,1,1,1
2588,4,151,279,28,32,1,1,1
2589,4,152,279,28,32,1,1,1
2590,4,155,280,28,31,1,1,1
2591,4,159,281,28,31,1,1,1
2592,4,163,282,28,31,1,1,1
2593,4,167,283,28,31,1,1,1
2594,4,171,284,28,31,1,1,1
2595,4,175,286,28,32,1,1,1
2596,4,180,289,28,32,1,1,1
2597,4,185,292,28,32,1,1,1
2598,4,190,295,28,32,1,1,1
2599,4,194,298,28,32,1,1,1
2600,4,199,302,28,32,1,1,1
2601,4,204,306,28,32,1,1,1
2602,4,209,309,28,32,1,1,1
2603,4,214,313,28,32,1,1,1
2604,4,218,317,28,32,1,1,1
2605,4,223,320,28,32,1,1,1
2606,4,228,324,28,32,1,1,1
2607,4,233,328,28,32,1,1,1
2608,4,238,332,28,32,1,1,1
2609,4,239,331,28,32,1,1,1
2610,4,240,331,28,32,1,1,1
2611,4,241,331,28,32,1,1,1
2612,4,242,331,28,32,1,1,1
2613,4,244,331,28,32,1,1,1
2614,4,245,331,28,32,1,1,1
2615,4,246,331,28,32,1,1,1
2616,4,247,331,28,32,1,1,1
2617,4,248,331,28,32,1,1,1
2618,4,250,331,28,32,1,1,1
2619,4,250,332,28,32,1,1,1
2620,4,250,334,28,32,1,1,1
2621,4,250,335,28,32,1,1,1
2622,4,250,337,28,32,1,1,1
2623,4,250,339,28,32,1,1,1
2624,4,250,340,28,32,1,1,1
2625,4,250,342,28,32,1,1,1
2626,4,250,342,28,32,1,1,1
2657,4,213,190,70,81,1,1,1
2658,4,209,198,70,81,1,1,1
2659,4,206,206,70,81,1,1,1
2660,4,203,214,70,81,1,1,1
2661,4,200,222,70,81,1,1,1
2662,4,204,220,70,81,1,1,1
2663,4,208,218,70,81,1,1,1
2664,4,212,216,70,81,1,1,1
2665,4,217,206,70,81,1,1,1
2666,4,223,196,69,81,1,1,1
2667,4,228,186,70,81,1,1,1
2668,4,234,176,69,81,1,1,1
2669,4,240,167,69,80,1,1,1
2670,4,243,164,69,80,1,1,1
2671,4,247,161,69,81,1,1,1
2672,4,250,158,69,81,1,1,1
2673,4,254,156,69,81,1,1,1
2674,4,256,156,69,81,1,1,1
2675,4,258,157,69,81,1,1,1
2676,4,261,158,69,81,1,1,1
2677,4,264,161,69,81,1,1,1
2678,4,268,165,69,81,1,1,1
2679,4,271,168,69,81,1,1,1
2680,4,275,172,69,81,1,1,1
2681,4,282,167,69,81,1,1,1
2682,4,289,162,69,81,1,1,1
2683,4,296,158,70,81,1,1,1
2684,4,303,153,70,81,1,1,1
2685,4,303,153,70,81,1,1,1
2695,4,269,345,28,34,1,1,1
2696,4,270,345,28,34,1,1,1
2697,4,271,346,28,34,1,1,1
2698,4,272,347,28,34,1,1,1
2699,4,273,348,28,34,1,1,1
2700,4,273,350,28,34,1,1,1
2701,4,273,352,28,34,1,1,1
2702,4,274,354,27,34,1,1,1
2703,4,273,352,28,34,1,1,1
2704,4,273,351,28,34,1,1,1
2705,4,273,350,28,34,1,1,1
2706,4,269,347,29,36,1,1,1
2707,4,265,345,30,37,1,1,1
2708,4,261,343,31,38,1,1,1
2709,4,257,340,32,40,1,1,1
2710,4,253,338,33,41,1,1,1
2711,4,249,336,34,42,1,1,1
2712,4,245,333,35,44,1,1,1
2713,4,241,331,36,45,1,1,1
2714,4,237,329,37,46,1,1,1
2715,4,233,327,38,47,1,1,1
2716,4,226,327,40,49,1,1,1
2717,4,220,328,41,50,1,1,1
2718,4,213,328,43,52,1,1,1
2719,4,207,329,44,53,1,1,1
2720,4,200,329,46,55,1,1,1
2721,4,194,330,47,56,1,1,1
2722,4,188,330,48,58,1,1,1
2723,4,181,331,50,59,1,1,1
2724,4,175,331,51,61,1,1,1
2725,4,168,332,53,62,1,1,1
2726,4,162,332,54,64,1,1,1
2727,4,156,333,56,66,1,1,1
2728,4,147,338,58,68,1,1,1
2729,4,138,344,60,69,1,1,1
2730,4,130,349,61,72,1,1,1
2731,4,121,355,63,73,1,1,1
2732,4,113,361,64,75,1,1,1
2733,4,97,365,65,77,1,1,1
2734,4,81,370,67,78,1,1,1
2735,4,66,375,68,80,1,1,1
2736,4,50,374,69,86,1,1,1
2737,4,34,373,71,93,1,1,1
2738,4,18,372,73,99,1,1,1
2739,4,1,372,79,99,1,1,1
2740,4,1,382,59,99,1,1,1
2744,4,517,336,19,24,1,1,1
2745,4,516,333,19,24,1,1,1
2746,4,516,331,19,24,1,1,1
2747,4,516,329,19,24,1,1,1
2748,4,515,326,19,24,1,1,1
2749,4,514,323,19,24,1,1,1
2750,4,513,321,19,24,1,1,1
2751,4,512,318,19,24,1,1,1
2752,4,511,316,19,24,1,1,1
2753,4,510,313,19,24,1,1,1
2754,4,509,311,19,24,1,1,1
2755,4,505,307,20,25,1,1,1
2756,4,502,303,20,26,1,1,1
2757,4,499,300,21,26,1,1,1
2758,4,495,297,21,27,1,1,1
2759,4,491,295,21,27,1,1,1
2760,4,487,293,22,28,1,1,1
2761,4,483,291,22,28,1,1,1
2762,4,479,289,23,29,1,1,1
2763,4,475,287,23,29,1,1,1
2764,4,472,285,23,30,1,1,1
2765,4,464,283,24,30,1,1,1
2766,4,457,281,24,31,1,1,1
2767,4,450,280,25,31,1,1,1
2768,4,443,278,25,32,1,1,1
2769,4,436,276,25,33,1,1,1
2770,4,429,275,26,33,1,1,1
2771,4,421,273,26,33,1,1,1
2772,4,413,272,27,33,1,1,1
2773,4,405,270,28,34,1,1,1
2774,4,397,269,29,34,1,1,1
2775,4,387,267,30,35,1,1,1
2776,4,377,266,32,36,1,1,1
2777,4,367,264,33,37,1,1,1
2778,4,357,263,35,38,1,1,1
2779,4,345,262,36,40,1,1,1
2780,4,333,262,37,41,1,1,1
2781,4,321,262,39,42,1,1,1
2782,4,309,262,40,43,1,1,1
2783,4,297,262,41,44,1,1,1
2784,4,286,262,42,45,1,1,1
2785,4,277,264,42,45,1,1,1
2786,4,268,267,42,45,1,1,1
2787,4,259,269,42,46,1,1,1
2788,4,250,272,43,46,1,1,1
2789,4,247,271,43,46,1,1,1
2790,4,244,270,43,47,1,1,1
2791,4,241,270,44,47,1,1,1
2792,4,238,269,44,48,1,1,1
2793,4,235,268,44,49,1,1,1
2794,4,232,268,45,49,1,1,1
2795,4,230,268,45,49,1,1,1
2796,4,228,268,45,49,1,1,1
2797,4,226,268,45,49,1,1,1
2798,4,225,269,45,49,1,1,1
2799,4,223,272,45,49,1,1,1
2800,4,221,275,45,49,1,1,1
2801,4,220,279,45,49,1,1,1
2802,4,226,283,45,49,1,1,1
2803,4,232,287,45,49,1,1,1
2804,4,239,292,45,49,1,1,1
2805,4,246,291,44,49,1,1,1
2806,4,253,291,44,49,1,1,1
2807,4,260,290,44,49,1,1,1
2808,4,267,290,44,49,1,1,1
2809,4,274,290,44,48,1,1,1
2810,4,281,289,43,49,1,1,1
2811,4,288,289,43,48,1,1,1
2812,4,295,288,43,49,1,1,1
2813,4,302,288,43,48,1,1,1
2814,4,310,288,42,48,1,1,1
2815,4,316,289,41,47,1,1,1
2816,4,323,291,40,45,1,1,1
2817,4,329,292,39,44,1,1,1
2818,4,336,294,38,43,1,1,1
2819,4,342,293,37,41,1,1,1
2820,4,349,292,35,40,1,1,1
2821,4,356,291,34,39,1,1,1
2822,4,362,291,33,36,1,1,1
2823,4,369,290,32,35,1,1,1
2824,4,376,289,30,34,1,1,1
2825,4,383,289,29,32,1,1,1
2826,4,388,290,29,32,1,1,1
2827,4,393,291,29,32,1,1,1
2828,4,398,292,29,32,1,1,1
2829,4,403,293,29,32,1,1,1
2830,4,408,294,29,32,1,1,1
2831,4,413,295,29,32,1,1,1
2832,4,418,296,29,32,1,1,1
2833,4,423,297,29,32,1,1,1
2834,4,428,298,30,33,1,1,1
2835,4,432,296,30,33,1,1,1
2836,4,436,295,30,33,1,1,1
2837,4,441,293,30,33,1,1,1
2838,4,445,292,30,33,1,1,1
2839,4,450,290,30,33,1,1,1
2840,4,454,289,30,33,1,1,1
2841,4,459,288,30,33,1,1,1
2842,4,463,289,30,33,1,1,1
2843,4,468,290,30,33,1,1,1
2844,4,473,291,30,33,1,1,1
2845,4,473,291,30,33,1,1,1
2846,4,32,264,103,127,1,1,1
2847,4,29,270,101,127,1,1,1
2848,4,26,277,100,126,1,1,1
2849,4,23,283,99,126,1,1,1
2850,4,20,290,98,126,1,1,1
2851,4,14,282,97,126,1,1,1
2852,4,8,274,96,126,1,1,1
2853,4,1,279,84,109,1,1,1
2854,4,1,268,76,113,1,1,1
2855,4,1,260,69,110,1,1,1
2856,4,1,253,61,114,1,1,1
2857,4,1,249,51,114,1,1,1
2959,4,6,275,41,52,1,1,1
2960,4,19,279,39,50,1,1,1
2961,4,32,283,38,49,1,1,1
2962,4,45,287,36,48,1,1,1
2963,4,59,292,34,46,1,1,1
2964,4,69,294,33,45,1,1,1
2965,4,79,297,33,44,1,1,1
2966,4,89,299,32,44,1,1,1
2967,4,99,302,32,42,1,1,1
2968,4,110,305,31,41,1,1,1
2969,4,120,307,30,41,1,1,1
2970,4,130,310,30,39,1,1,1
2971,4,140,312,29,39,1,1,1
2972,4,150,315,29,38,1,1,1
2973,4,161,318,28,37,1,1,1
2974,4,168,318,28,36,1,1,1
2975,4,176,318,27,36,1,1,1
2976,4,184,319,26,34,1,1,1
2977,4,191,319,26,34,1,1,1
2978,4,199,320,25,32,1,1,1
2979,4,207,320,24,32,1,1,1
2980,4,214,321,24,30,1,1,1
2981,4,222,321,23,30,1,1,1
2982,4,222,321,23,30,1,1,1
3051,4,1,328,37,45,1,1,1
3052,4,23,329,36,44,1,1,1
3053,4,45,330,35,44,1,1,1
3054,4,67,332,34,43,1,1,1
3055,4,85,333,33,41,1,1,1
3056,4,103,334,33,40,1,1,1
3057,4,121,335,33,39,1,1,1
3058,4,139,336,33,38,1,1,1
3059,4,153,333,33,38,1,1,1
3060,4,168,331,32,37,1,1,1
3061,4,183,329,31,36,1,1,1
3062,4,193,329,31,35,1,1,1
3063,4,204,329,30,35,1,1,1
3064,4,214,329,30,35,1,1,1
3065,4,225,329,29,35,1,1,1
3066,4,236,330,28,34,1,1,1
3067,4,243,330,27,34,1,1,1
3068,4,250,331,27,33,1,1,1
3069,4,257,331,26,33,1,1,1
3070,4,264,332,26,32,1,1,1
3071,4,271,333,26,31,1,1,1
3072,4,275,334,26,30,1,1,1
3073,4,280,335,26,30,1,1,1
3074,4,285,337,25,29,1,1,1
3075,4,290,338,25,29,1,1,1
3076,4,295,340,24,28,1,1,1
3077,4,300,341,24,27,1,1,1
3078,4,305,342,23,27,1,1,1
3079,4,310,344,23,26,1,1,1
3080,4,315,345,22,26,1,1,1
3081,4,320,347,22,25,1,1,1
3082,4,321,346,22,25,1,1,1
3083,4,323,346,22,25,1,1,1
3084,4,324,346,22,25,1,1,1
3085,4,326,346,22,25,1,1,1
3086,4,328,346,22,25,1,1,1
3087,4,329,345,22,25,1,1,1
3088,4,331,345,22,25,1,1,1
3089,4,332,345,22,25,1,1,1
3090,4,334,345,22,25,1,1,1
3091,4,336,345,22,25,1,1,1
3092,4,337,344,22,25,1,1,1
3093,4,338,344,22,25,1,1,1
3094,4,339,344,22,25,1,1,1
3095,4,339,344,22,25,1,1,1
3206,4,552,331,27,33,1,1,1
3207,4,553,330,27,33,1,1,1
3208,4,555,330,26,32,1,1,1
3209,4,557,329,26,32,1,1,1
3210,4,558,329,26,31,1,1,1
3211,4,560,328,26,31,1,1,1
3212,4,562,328,25,31,1,1,1
3213,4,564,327,25,31,1,1,1
3214,4,565,327,25,30,1,1,1
3215,4,567,326,25,30,1,1,1
3216,4,569,326,24,29,1,1,1
3217,4,569,326,24,29,1,1,1
3218,4,500,132,191,241,1,1,1
3219,4,499,135,191,241,1,1,1
3220,4,498,139,191,241,1,1,1
3221,4,498,143,191,241,1,1,1
3222,4,497,146,191,241,1,1,1
3223,4,497,150,191,241,1,1,1
3224,4,496,154,191,241,1,1,1
3225,4,495,157,191,241,1,1,1
3226,4,495,161,191,241,1,1,1
3227,4,494,165,191,241,1,1,1
3228,4,494,169,191,241,1,1,1
3229,4,494,170,191,241,1,1,1
3230,4,495,171,191,241,1,1,1
3231,4,496,172,191,241,1,1,1
3232,4,497,173,191,241,1,1,1
3233,4,498,174,191,241,1,1,1
3234,4,498,175,191,241,1,1,1
3235,4,499,176,191,241,1,1,1
3236,4,500,177,191,241,1,1,1
3237,4,501,178,191,241,1,1,1
3238,4,502,179,191,241,1,1,1
3239,4,501,180,191,241,1,1,1
3240,4,500,181,191,241,1,1,1
3241,4,499,182,191,241,1,1,1
3242,4,499,184,191,241,1,1,1
3243,4,498,185,191,241,1,1,1
3244,4,497,186,191,241,1,1,1
3245,4,497,188,191,241,1,1,1
3246,4,496,189,191,241,1,1,1
3247,4,495,190,191,241,1,1,1
3248,4,495,192,191,241,1,1,1
3249,4,495,188,191,241,1,1,1
3250,4,495,184,191,241,1,1,1
3251,4,495,180,191,241,1,1,1
3252,4,495,176,191,241,1,1,1
3253,4,495,172,191,241,1,1,1
3254,4,495,168,191,241,1,1,1
3255,4,495,164,191,241,1,1,1
3256,4,495,160,191,241,1,1,1
3257,4,495,156,191,241,1,1,1
3258,4,496,153,191,241,1,1,1
3259,4,494,143,192,242,1,1,1
3260,4,493,133,193,243,1,1,1
3261,4,491,123,194,245,1,1,1
3262,4,490,113,195,246,1,1,1
3263,4,488,103,196,247,1,1,1
3264,4,487,94,197,248,1,1,1
3265,4,483,98,198,249,1,1,1
3266,4,480,102,199,251,1,1,1
3267,4,476,106,200,253,1,1,1
3268,4,473,110,201,255,1,1,1
3269,4,470,115,202,256,1,1,1
3270,4,464,139,203,257,1,1,1
3271,4,458,163,205,259,1,1,1
3272,4,452,187,206,261,1,1,1
3273,4,446,212,208,262,1,1,1
3274,4,440,236,209,263,1,1,1
3275,4,434,260,211,265,1,1,1
3276,4,428,284,212,267,1,1,1
3277,4,423,309,213,268,1,1,1
3278,4,421,302,214,270,1,1,1
3279,4,419,296,216,271,1,1,1
3280,4,418,290,217,273,1,1,1
3281,4,419,255,218,274,1,1,1
3282,4,420,221,220,274,1,1,1
3283,4,421,187,222,275,1,1,1
3284,4,423,164,224,275,1,1,1
3285,4,426,141,225,276,1,1,1
3286,4,426,141,225,276,1,1,1
3287,4,555,214,49,50,1,1,1
3288,4,554,214,49,50,1,1,1
3289,4,554,214,49,50,1,1,1
3290,4,554,214,49,50,1,1,1
3291,4,554,214,49,50,1,1,1
3292,4,554,215,49,50,1,1,1
3293,4,553,215,49,50,1,1,1
3294,4,553,215,49,50,1,1,1
3295,4,553,215,49,50,1,1,1
3296,4,553,215,49,50,1,1,1
3297,4,553,216,49,50,1,1,1
3298,4,552,220,49,51,1,1,1
3299,4,552,224,49,52,1,1,1
3300,4,551,229,50,52,1,1,1
3301,4,551,233,50,53,1,1,1
3302,4,550,238,51,53,1,1,1
3303,4,550,242,50,54,1,1,1
3304,4,549,246,51,55,1,1,1
3305,4,549,251,51,55,1,1,1
3306,4,548,255,52,56,1,1,1
3307,4,548,260,52,56,1,1,1
3308,4,548,258,53,58,1,1,1
3309,4,548,257,54,60,1,1,1
3310,4,548,256,56,61,1,1,1
3311,4,548,255,57,63,1,1,1
3312,4,549,254,58,65,1,1,1
3313,4,549,252,59,67,1,1,1
3314,4,549,251,60,69,1,1,1
3315,4,549,250,62,70,1,1,1
3316,4,549,249,63,72,1,1,1
3317,4,550,248,64,74,1,1,1
3318,4,548,242,70,81,1,1,1
3319,4,547,236,75,89,1,1,1
3320,4,546,230,80,96,1,1,1
3321,4,545,224,86,104,1,1,1
3322,4,544,218,91,112,1,1,1
3323,4,542,212,97,119,1,1,1
3324,4,541,206,103,127,1,1,1
3325,4,540,200,108,134,1,1,1
3326,4,539,194,113,142,1,1,1
3327,4,538,188,119,150,1,1,1
3328,4,540,179,129,158,1,1,1
3329,4,543,171,138,165,1,1,1
3330,4,546,162,147,174,1,1,1
3331,4,549,154,156,181,1,1,1
3332,4,552,146,165,189,1,1,1
3333,4,554,153,174,197,1,1,1
3334,4,557,160,183,205,1,1,1
3335,4,557,160,183,205,1,1,1
3373,4,535,3,133,150,1,1,1
3374,4,532,23,134,152,1,1,1
3375,4,529,43,135,154,1,1,1
3376,4,526,64,136,155,1,1,1
3377,4,523,81,137,158,1,1,1
3378,4,520,99,138,160,1,1,1
3379,4,518,117,138,162,1,1,1
3380,4,515,135,139,164,1,1,1
3381,4,513,153,140,166,1,1,1
3382,4,514,147,142,168,1,1,1
3383,4,516,142,143,169,1,1,1
3384,4,518,136,144,171,1,1,1
3385,4,520,131,145,173,1,1,1
3386,4,528,125,146,175,1,1,1
3387,4,536,119,147,177,1,1,1
3388,4,544,113,148,179,1,1,1
3389,4,552,107,149,181,1,1,1
3390,4,560,101,150,183,1,1,1
3391,4,560,101,150,183,1,1,1
3392,4,598,393,15,18,1,1,1
3393,4,598,393,15,18,1,1,1
3394,4,598,393,15,18,1,1,1
3395,4,598,393,15,18,1,1,1
3396,4,598,393,15,18,1,1,1
3397,4,598,393,15,18,1,1,1
3398,4,598,393,15,18,1,1,1
3399,4,598,393,15,18,1,1,1
3400,4,598,393,15,18,1,1,1
3401,4,598,393,15,18,1,1,1
3402,4,598,393,15,18,1,1,1
3403,4,597,391,15,19,1,1,1
3404,4,596,390,15,19,1,1,1
3405,4,595,389,16,20,1,1,1
3406,4,593,388,16,20,1,1,1
3407,4,591,387,16,20,1,1,1
3408,4,589,386,17,20,1,1,1
3409,4,587,385,17,20,1,1,1
3410,4,586,384,17,21,1,1,1
3411,4,583,383,17,21,1,1,1
3412,4,580,383,17,21,1,1,1
3413,4,577,382,17,22,1,1,1
3414,4,574,382,18,22,1,1,1
3415,4,569,379,19,23,1,1,1
3416,4,564,377,20,24,1,1,1
3417,4,559,374,21,25,1,1,1
3418,4,555,372,21,26,1,1,1
3419,4,547,370,22,26,1,1,1
3420,4,539,368,23,27,1,1,1
3421,4,531,366,24,28,1,1,1
3422,4,524,365,24,28,1,1,1
3423,4,511,364,26,30,1,1,1
3424,4,499,363,27,32,1,1,1
3425,4,487,363,28,33,1,1,1
3426,4,469,361,29,34,1,1,1
3427,4,452,359,30,36,1,1,1
3428,4,434,357,32,38,1,1,1
3429,4,417,356,33,39,1,1,1
3430,4,392,353,35,41,1,1,1
3431,4,368,351,36,42,1,1,1
3432,4,344,349,38,44,1,1,1
3433,4,314,347,40,47,1,1,1
3434,4,285,345,42,50,1,1,1
3435,4,255,343,45,53,1,1,1
3436,4,226,341,47,56,1,1,1
3437,4,197,340,49,58,1,1,1
3438,4,164,340,51,60,1,1,1
3439,4,131,340,53,63,1,1,1
3440,4,98,340,56,65,1,1,1
3441,4,65,340,58,68,1,1,1
3572,4,523,377,28,35,1,1,1
3573,4,521,376,27,35,1,1,1
3574,4,519,376,27,34,1,1,1
3575,4,517,375,27,34,1,1,1
3576,4,515,375,27,34,1,1,1
3577,4,510,371,27,34,1,1,1
3578,4,506,367,27,35,1,1,1
3579,4,501,364,28,34,1,1,1
3580,4,497,360,27,35,1,1,1
3581,4,492,356,28,35,1,1,1
3582,4,488,353,28,35,1,1,1
3583,4,481,348,28,36,1,1,1
3584,4,474,344,29,36,1,1,1
3585,4,467,340,30,36,1,1,1
3586,4,461,336,30,37,1,1,1
3587,4,452,331,30,38,1,1,1
3588,4,443,327,30,38,1,1,1
3589,4,434,323,30,38,1,1,1
3590,4,425,319,30,38,1,1,1
3591,4,416,315,30,38,1,1,1
3592,4,407,311,31,39,1,1,1
3593,4,394,307,33,40,1,1,1
3594,4,381,303,35,41,1,1,1
3595,4,369,300,36,42,1,1,1
3596,4,352,296,37,43,1,1,1
3597,4,335,293,39,43,1,1,1
3598,4,319,289,39,45,1,1,1
3599,4,302,286,41,45,1,1,1
3600,4,286,283,42,46,1,1,1
3601,4,266,279,43,47,1,1,1
3602,4,246,275,44,48,1,1,1
3603,4,226,271,45,49,1,1,1
3604,4,207,268,46,50,1,1,1
3605,4,181,265,47,52,1,1,1
3606,4,156,263,47,53,1,1,1
3607,4,131,261,48,54,1,1,1
3608,4,100,258,48,55,1,1,1
3609,4,69,255,48,56,1,1,1
3610,4,38,252,48,57,1,1,1
3669,4,475,123,173,215,1,1,1
3670,4,481,122,173,215,1,1,1
3671,4,487,122,173,215,1,1,1
3672,4,493,121,173,215,1,1,1
3673,4,500,121,173,215,1,1,1
3674,4,506,121,173,215,1,1,1
3675,4,512,120,173,215,1,1,1
3676,4,519,120,173,215,1,1,1
3677,4,525,119,173,215,1,1,1
3678,4,531,119,173,215,1,1,1
3679,4,538,119,173,215,1,1,1
3680,4,543,123,173,215,1,1,1
3681,4,549,127,173,215,1,1,1
3682,4,555,132,173,215,1,1,1
3683,4,560,136,173,215,1,1,1
3684,4,566,141,173,215,1,1,1
3685,4,572,145,173,215,1,1,1
3686,4,577,149,173,215,1,1,1
3687,4,583,154,173,215,1,1,1
3688,4,589,158,173,215,1,1,1
3689,4,595,163,173,215,1,1,1
3690,4,592,164,173,215,1,1,1
3691,4,589,166,173,215,1,1,1
3692,4,586,168,173,215,1,1,1
3693,4,583,169,173,215,1,1,1
3694,4,580,171,173,215,1,1,1
3695,4,577,173,173,215,1,1,1
3696,4,574,174,173,215,1,1,1
3697,4,571,176,173,215,1,1,1
3698,4,568,178,173,215,1,1,1
3699,4,566,180,173,215,1,1,1
3700,4,562,182,176,218,1,1,1
3701,4,559,184,179,221,1,1,1
3702,4,556,186,182,224,1,1,1
3703,4,553,188,184,227,1,1,1
3704,4,550,190,187,230,1,1,1
3705,4,547,192,190,233,1,1,1
3706,4,544,194,192,236,1,1,1
3707,4,541,196,195,239,1,1,1
3708,4,538,198,198,242,1,1,1
3709,4,535,200,201,245,1,1,1
3710,4,533,199,205,248,1,1,1
3711,4,532,198,208,252,1,1,1
3712,4,530,197,212,256,1,1,1
3713,4,529,196,215,260,1,1,1
3714,4,527,195,219,264,1,1,1
3715,4,526,194,222,267,1,1,1
3716,4,524,193,226,271,1,1,1
3717,4,523,192,229,275,1,1,1
3718,4,521,191,233,279,1,1,1
3719,4,520,190,236,283,1,1,1
3720,4,518,184,239,285,1,1,1
3721,4,516,179,242,286,1,1,1
3722,4,515,173,244,289,1,1,1
3723,4,513,168,247,290,1,1,1
3724,4,512,163,249,292,1,1,1
3725,4,510,157,252,294,1,1,1
3726,4,508,152,255,295,1,1,1
3727,4,507,146,257,298,1,1,1
3728,4,505,141,260,299,1,1,1
3729,4,504,136,263,301,1,1,1
3730,4,505,132,263,303,1,1,1
3731,4,506,129,263,304,1,1,1
3732,4,508,125,262,306,1,1,1
3733,4,509,122,262,307,1,1,1
3734,4,509,122,262,307,1,1,1
3839,4,683,140,172,236,1,1,1
3840,4,684,135,171,236,1,1,1
3841,4,685,130,171,236,1,1,1
3842,4,686,126,171,236,1,1,1
3843,4,688,121,171,236,1,1,1
3844,4,690,116,171,236,1,1,1
3845,4,692,112,171,236,1,1,1
3846,4,691,119,172,236,1,1,1
3847,4,735,146,134,206,1,1,1
3848,4,735,166,134,192,1,1,1
3849,4,690,140,173,236,1,1,1
3850,4,683,141,173,236,1,1,1
3851,4,676,142,174,236,1,1,1
3852,4,669,144,174,236,1,1,1
3853,4,662,145,175,236,1,1,1
3854,4,655,147,176,236,1,1,1
3855,4,643,133,176,236,1,1,1
3856,4,631,120,177,235,1,1,1
3857,4,619,106,177,235,1,1,1
3858,4,607,93,178,235,1,1,1
3859,4,595,79,178,235,1,1,1
3860,4,583,66,179,234,1,1,1
3861,4,571,52,179,234,1,1,1
3862,4,560,39,179,234,1,1,1
3863,4,550,46,179,234,1,1,1
3864,4,540,54,179,234,1,1,1
3865,4,530,62,179,234,1,1,1
3866,4,520,69,179,235,1,1,1
3867,4,510,77,179,235,1,1,1
3868,4,510,77,179,235,1,1,1
3869,4,300,338,27,33,1,1,1
3870,4,300,338,27,33,1,1,1
3871,4,301,338,27,33,1,1,1
3872,4,301,339,27,33,1,1,1
3873,4,302,339,27,33,1,1,1
3874,4,302,339,27,33,1,1,1
3875,4,303,340,27,33,1,1,1
3876,4,303,340,27,33,1,1,1
3877,4,304,341,27,33,1,1,1
3878,4,305,341,27,33,1,1,1
3879,4,307,341,27,33,1,1,1
3880,4,309,341,26,33,1,1,1
3881,4,311,342,26,32,1,1,1
3882,4,312,344,26,32,1,1,1
3883,4,314,347,26,32,1,1,1
3884,4,316,350,26,32,1,1,1
3885,4,318,353,26,32,1,1,1
3886,4,317,353,26,32,1,1,1
3887,4,316,354,26,32,1,1,1
3888,4,315,355,26,32,1,1,1
3889,4,315,356,26,32,1,1,1
3890,4,313,355,26,32,1,1,1
3891,4,312,354,26,32,1,1,1
3892,4,311,353,26,32,1,1,1
3893,4,309,352,26,32,1,1,1
3894,4,308,351,26,32,1,1,1
3895,4,307,350,26,32,1,1,1
3896,4,305,349,26,32,1,1,1
3897,4,304,348,26,32,1,1,1
3898,4,303,347,26,32,1,1,1
3899,4,302,347,26,32,1,1,1
3900,4,300,344,26,32,1,1,1
3901,4,298,341,26,32,1,1,1
3902,4,296,338,26,32,1,1,1
3903,4,294,335,26,32,1,1,1
3904,4,292,332,26,32,1,1,1
3905,4,290,329,26,32,1,1,1
3906,4,288,326,26,32,1,1,1
3907,4,286,323,26,32,1,1,1
3908,4,284,320,26,32,1,1,1
3909,4,282,317,26,32,1,1,1
3910,4,280,316,26,32,1,1,1
3911,4,279,315,26,32,1,1,1
3912,4,277,314,26,32,1,1,1
3913,4,276,313,26,32,1,1,1
3914,4,274,312,26,32,1,1,1
3915,4,273,311,26,32,1,1,1
3916,4,271,310,26,32,1,1,1
3917,4,270,309,26,32,1,1,1
3918,4,268,308,26,32,1,1,1
3919,4,267,308,26,32,1,1,1
3920,4,264,307,26,32,1,1,1
3921,4,262,306,26,33,1,1,1
3922,4,260,305,26,34,1,1,1
3923,4,257,304,26,34,1,1,1
3924,4,255,304,26,34,1,1,1
3925,4,253,303,26,35,1,1,1
3926,4,250,302,26,35,1,1,1
3927,4,248,301,26,36,1,1,1
3928,4,246,300,26,37,1,1,1
3929,4,244,300,26,37,1,1,1
3930,4,241,299,27,37,1,1,1
3931,4,239,299,27,37,1,1,1
3932,4,237,299,28,37,1,1,1
3933,4,235,299,28,36,1,1,1
3934,4,233,299,28,36,1,1,1
3935,4,231,299,28,36,1,1,1
3936,4,229,299,29,36,1,1,1
3937,4,227,300,29,36,1,1,1
3938,4,225,301,29,36,1,1,1
3939,4,223,303,30,36,1,1,1
3940,4,222,302,30,36,1,1,1
3941,4,221,302,30,36,1,1,1
3942,4,220,302,30,36,1,1,1
3943,4,219,302,30,36,1,1,1
3944,4,219,302,30,36,1,1,1
3945,4,218,302,30,36,1,1,1
3946,4,217,302,30,36,1,1,1
3947,4,216,302,30,36,1,1,1
3948,4,215,302,30,36,1,1,1
3949,4,215,302,30,36,1,1,1
3950,4,213,303,30,36,1,1,1
3951,4,212,304,30,36,1,1,1
3952,4,211,305,30,36,1,1,1
3953,4,209,306,30,36,1,1,1
3954,4,208,307,30,36,1,1,1
3955,4,207,308,30,36,1,1,1
3956,4,205,309,30,36,1,1,1
3957,4,204,310,30,36,1,1,1
3958,4,203,311,30,36,1,1,1
3959,4,202,312,30,36,1,1,1
3960,4,201,312,30,36,1,1,1
3961,4,201,312,30,36,1,1,1
3962,4,201,312,30,36,1,1,1
3963,4,200,313,30,36,1,1,1
3964,4,200,313,30,36,1,1,1
3965,4,200,313,30,36,1,1,1
3966,4,199,314,30,36,1,1,1
3967,4,199,314,30,36,1,1,1
3968,4,199,314,30,36,1,1,1
3969,4,199,315,30,36,1,1,1
3970,4,200,315,30,36,1,1,1
3971,4,201,315,30,36,1,1,1
3972,4,202,315,30,36,1,1,1
3973,4,203,316,30,36,1,1,1
3974,4,205,316,30,36,1,1,1
3975,4,206,316,30,36,1,1,1
3976,4,207,317,30,36,1,1,1
3977,4,208,317,30,36,1,1,1
3978,4,209,317,30,36,1,1,1
3979,4,211,318,30,36,1,1,1
3980,4,210,315,30,36,1,1,1
3981,4,209,313,30,36,1,1,1
3982,4,209,310,30,36,1,1,1
3983,4,208,308,30,36,1,1,1
3984,4,208,308,30,36,1,1,1
4153,4,17,317,46,46,1,1,1
4154,4,49,322,44,45,1,1,1
4155,4,81,328,43,43,1,1,1
4156,4,113,334,41,41,1,1,1
4157,4,145,340,40,40,1,1,1
4158,4,168,343,38,38,1,1,1
4159,4,191,346,36,36,1,1,1
4160,4,215,349,34,35,1,1,1
4161,4,231,350,32,33,1,1,1
4162,4,247,351,31,32,1,1,1
4163,4,263,353,30,30,1,1,1
4164,4,272,352,30,30,1,1,1
4165,4,282,351,29,30,1,1,1
4166,4,291,350,30,30,1,1,1
4167,4,301,349,29,30,1,1,1
4168,4,311,349,29,30,1,1,1
4169,4,318,350,29,30,1,1,1
4170,4,325,352,29,30,1,1,1
4171,4,333,354,28,29,1,1,1
4172,4,340,356,28,29,1,1,1
4173,4,348,358,27,29,1,1,1
4174,4,354,358,27,29,1,1,1
4175,4,361,358,27,29,1,1,1
4176,4,368,358,26,29,1,1,1
4177,4,375,358,26,29,1,1,1
4178,4,382,358,26,29,1,1,1
4179,4,387,357,26,29,1,1,1
4180,4,393,357,26,29,1,1,1
4181,4,398,357,27,29,1,1,1
4182,4,404,357,27,29,1,1,1
4183,4,410,357,27,29,1,1,1
4184,4,413,357,27,29,1,1,1
4185,4,417,357,27,29,1,1,1
4186,4,421,357,27,29,1,1,1
4187,4,425,357,27,29,1,1,1
4188,4,429,357,27,29,1,1,1
4189,4,433,357,27,29,1,1,1
4190,4,437,357,27,29,1,1,1
4191,4,441,357,27,29,1,1,1
4192,4,445,357,27,29,1,1,1
4193,4,449,358,27,29,1,1,1
4194,4,450,358,27,29,1,1,1
4195,4,452,358,27,29,1,1,1
4196,4,454,358,27,29,1,1,1
4197,4,456,358,27,29,1,1,1
4198,4,458,358,27,29,1,1,1
4199,4,461,358,27,29,1,1,1
4200,4,464,358,27,29,1,1,1
4201,4,467,358,27,29,1,1,1
4202,4,470,358,27,29,1,1,1
4203,4,473,359,27,29,1,1,1
4204,4,476,359,27,29,1,1,1
4205,4,480,359,27,29,1,1,1
4206,4,484,359,27,29,1,1,1
4207,4,487,359,27,29,1,1,1
4208,4,491,359,27,29,1,1,1
4209,4,495,359,27,29,1,1,1
4210,4,498,359,27,29,1,1,1
4211,4,502,359,27,29,1,1,1
4212,4,506,359,27,29,1,1,1
4213,4,510,360,27,29,1,1,1
4214,4,512,361,27,29,1,1,1
4215,4,515,362,27,29,1,1,1
4216,4,518,363,27,29,1,1,1
4217,4,520,364,27,29,1,1,1
4218,4,523,365,27,29,1,1,1
4219,4,523,365,27,29,1,1,1
4220,4,399,148,125,147,1,1,1
4221,4,400,148,125,147,1,1,1
4222,4,401,149,125,147,1,1,1
4223,4,402,149,125,147,1,1,1
4224,4,403,150,125,147,1,1,1
4225,4,404,151,125,147,1,1,1
4226,4,405,151,125,147,1,1,1
4227,4,406,152,125,147,1,1,1
4228,4,407,152,125,147,1,1,1
4229,4,408,153,125,147,1,1,1
4230,4,409,154,125,147,1,1,1
4231,4,407,154,125,147,1,1,1
4232,4,406,154,125,147,1,1,1
4233,4,405,155,125,147,1,1,1
4234,4,404,155,125,147,1,1,1
4235,4,403,156,125,147,1,1,1
4236,4,401,156,125,147,1,1,1
4237,4,400,156,125,147,1,1,1
4238,4,399,157,125,147,1,1,1
4239,4,398,157,125,147,1,1,1
4240,4,397,158,125,147,1,1,1
4241,4,397,160,125,147,1,1,1
4242,4,397,163,125,146,1,1,1
4243,4,397,166,125,145,1,1,1
4244,4,397,169,125,144,1,1,1
4245,4,398,172,124,143,1,1,1
4246,4,398,174,124,143,1,1,1
4247,4,398,177,124,142,1,1,1
4248,4,398,180,124,141,1,1,1
4249,4,398,183,124,140,1,1,1
4250,4,399,186,124,139,1,1,1
4251,4,397,186,124,139,1,1,1
4252,4,396,186,124,139,1,1,1
4253,4,395,186,124,139,1,1,1
4254,4,393,186,124,139,1,1,1
4255,4,392,186,124,139,1,1,1
4256,4,391,186,124,139,1,1,1
4257,4,389,186,124,139,1,1,1
4258,4,388,186,124,139,1,1,1
4259,4,387,186,124,139,1,1,1
4260,4,386,187,124,139,1,1,1
4261,4,384,182,124,139,1,1,1
4262,4,383,178,124,139,1,1,1
4263,4,382,174,124,139,1,1,1
4264,4,381,170,124,139,1,1,1
4265,4,380,166,124,139,1,1,1
4266,4,378,161,124,139,1,1,1
4267,4,377,157,124,139,1,1,1
4268,4,376,153,124,139,1,1,1
4269,4,375,149,124,139,1,1,1
4270,4,374,145,124,139,1,1,1
4271,4,373,145,124,138,1,1,1
4272,4,373,146,123,136,1,1,1
4273,4,373,147,122,134,1,1,1
4274,4,373,147,121,133,1,1,1
4275,4,373,148,120,131,1,1,1
4276,4,373,149,119,130,1,1,1
4277,4,375,150,118,128,1,1,1
4278,4,378,151,117,127,1,1,1
4279,4,381,152,115,126,1,1,1
4280,4,384,153,114,125,1,1,1
4281,4,387,155,113,123,1,1,1
4282,4,391,151,113,121,1,1,1
4283,4,396,147,112,120,1,1,1
4284,4,401,143,111,118,1,1,1
4285,4,406,139,110,117,1,1,1
4286,4,411,135,109,116,1,1,1
4287,4,414,137,108,114,1,1,1
4288,4,417,139,107,113,1,1,1
4289,4,420,141,106,111,1,1,1
4290,4,423,143,106,110,1,1,1
4291,4,426,144,104,109,1,1,1
4292,4,429,146,103,107,1,1,1
4293,4,432,148,101,105,1,1,1
4294,4,435,149,100,104,1,1,1
4295,4,438,151,98,102,1,1,1
4296,4,441,153,97,100,1,1,1
4297,4,444,154,95,99,1,1,1
4298,4,447,156,94,97,1,1,1
4299,4,450,158,92,95,1,1,1
4300,4,454,160,90,93,1,1,1
4301,4,455,161,89,92,1,1,1
4302,4,457,162,88,91,1,1,1
4303,4,459,163,87,90,1,1,1
4304,4,461,164,86,89,1,1,1
4305,4,463,166,85,88,1,1,1
4306,4,465,167,83,87,1,1,1
4307,4,467,168,82,86,1,1,1
4308,4,469,169,81,85,1,1,1
4309,4,471,170,80,84,1,1,1
4310,4,473,172,79,83,1,1,1
4311,4,475,168,79,83,1,1,1
4312,4,477,165,79,83,1,1,1
4313,4,479,162,79,83,1,1,1
4314,4,480,161,79,83,1,1,1
4315,4,481,161,79,82,1,1,1
4316,4,482,160,79,82,1,1,1
4317,4,484,160,78,82,1,1,1
4318,4,483,163,78,82,1,1,1
4319,4,482,166,78,83,1,1,1
4320,4,481,170,79,83,1,1,1
4321,4,480,169,79,83,1,1,1
4322,4,479,169,79,82,1,1,1
4323,4,478,169,79,81,1,1,1
4324,4,477,169,79,80,1,1,1
4325,4,476,169,79,79,1,1,1
4326,4,475,169,79,78,1,1,1
4327,4,473,167,79,77,1,1,1
4328,4,472,165,79,77,1,1,1
4329,4,471,163,78,76,1,1,1
4330,4,470,161,78,76,1,1,1
4331,4,470,163,78,76,1,1,1
4332,4,470,165,78,76,1,1,1
4333,4,470,167,78,76,1,1,1
4334,4,470,169,78,76,1,1,1
4335,4,470,171,78,76,1,1,1
4336,4,470,173,78,76,1,1,1
4337,4,470,175,78,76,1,1,1
4338,4,470,173,78,76,1,1,1
4339,4,471,172,78,76,1,1,1
4340,4,472,171,78,76,1,1,1
4341,4,474,168,77,76,1,1,1
4342,4,476,165,76,76,1,1,1
4343,4,479,163,74,75,1,1,1
4344,4,481,160,73,75,1,1,1
4345,4,483,157,72,75,1,1,1
4346,4,486,155,71,75,1,1,1
4347,4,488,155,70,75,1,1,1
4348,4,490,156,69,75,1,1,1
4349,4,492,156,68,75,1,1,1
4350,4,494,157,68,75,1,1,1
4351,4,496,157,67,73,1,1,1
4352,4,498,157,67,72,1,1,1
4353,4,500,157,66,71,1,1,1
4354,4,502,157,66,69,1,1,1
4355,4,504,158,65,67,1,1,1
4356,4,506,158,65,66,1,1,1
4357,4,508,158,64,64,1,1,1
4358,4,510,158,64,63,1,1,1
4359,4,512,158,63,62,1,1,1
4360,4,515,159,62,60,1,1,1
4361,4,516,160,61,60,1,1,1
4362,4,518,162,60,59,1,1,1
4363,4,520,164,59,59,1,1,1
4364,4,522,166,58,58,1,1,1
4365,4,524,168,57,58,1,1,1
4366,4,525,169,57,58,1,1,1
4367,4,527,171,56,57,1,1,1
4368,4,529,173,55,57,1,1,1
4369,4,531,175,54,56,1,1,1
4370,4,533,177,53,56,1,1,1
4371,4,533,177,53,56,1,1,1
4372,4,533,178,53,56,1,1,1
4373,4,534,179,52,56,1,1,1
4374,4,534,179,53,56,1,1,1
4375,4,535,180,52,56,1,1,1
4376,4,535,181,52,56,1,1,1
4377,4,536,182,52,56,1,1,1
4378,4,536,183,52,56,1,1,1
4379,4,536,185,52,56,1,1,1
4380,4,536,187,53,56,1,1,1
4381,4,535,186,53,55,1,1,1
4382,4,535,185,52,55,1,1,1
4383,4,534,184,52,55,1,1,1
4384,4,534,183,52,55,1,1,1
4385,4,533,180,52,55,1,1,1
4386,4,532,178,52,55,1,1,1
4387,4,532,176,51,55,1,1,1
4388,4,531,173,51,55,1,1,1
4389,4,530,171,51,55,1,1,1
4390,4,530,169,50,55,1,1,1
4391,4,528,170,50,55,1,1,1
4392,4,527,171,50,55,1,1,1
4393,4,526,172,50,55,1,1,1
4394,4,524,173,50,55,1,1,1
4395,4,523,174,50,55,1,1,1
4396,4,522,175,50,55,1,1,1
4397,4,522,175,50,55,1,1,1
4398,4,89,169,155,208,1,1,1
4399,4,96,173,154,205,1,1,1
4400,4,104,178,153,201,1,1,1
4401,4,112,182,151,198,1,1,1
4402,4,120,187,150,194,1,1,1
4403,4,128,192,149,190,1,1,1
4404,4,135,196,148,187,1,1,1
4405,4,143,201,147,183,1,1,1
4406,4,151,205,145,180,1,1,1
4407,4,159,210,144,176,1,1,1
4408,4,167,215,143,173,1,1,1
4409,4,175,217,139,168,1,1,1
4410,4,184,220,134,163,1,1,1
4411,4,192,223,131,157,1,1,1
4412,4,201,225,126,153,1,1,1
4413,4,210,228,122,148,1,1,1
4414,4,218,231,118,142,1,1,1
4415,4,227,233,113,138,1,1,1
4416,4,235,236,110,132,1,1,1
4417,4,244,239,105,127,1,1,1
4418,4,253,242,101,122,1,1,1
4419,4,261,244,98,118,1,1,1
4420,4,270,246,95,115,1,1,1
4421,4,279,248,92,111,1,1,1
4422,4,287,250,90,108,1,1,1
4423,4,296,252,87,105,1,1,1
4424,4,305,254,83,101,1,1,1
4425,4,313,256,81,98,1,1,1
4426,4,322,258,78,94,1,1,1
4427,4,331,260,75,91,1,1,1
4428,4,340,262,72,88,1,1,1
4429,4,347,265,70,85,1,1,1
4430,4,354,269,68,82,1,1,1
4431,4,361,273,66,79,1,1,1
4432,4,368,277,64,76,1,1,1
4433,4,375,281,62,74,1,1,1
4434,4,382,286,60,71,1,1,1
4435,4,389,291,59,68,1,1,1
4436,4,396,301,57,65,1,1,1
4437,4,403,311,55,62,1,1,1
4438,4,410,322,53,59,1,1,1
4439,4,415,329,52,57,1,1,1
4440,4,421,336,50,56,1,1,1
4441,4,426,343,50,55,1,1,1
4442,4,432,351,48,52,1,1,1
4443,4,437,358,48,51,1,1,1
4444,4,443,365,46,50,1,1,1
4445,4,449,373,45,48,1,1,1
4446,4,454,378,44,46,1,1,1
4447,4,460,383,42,44,1,1,1
4448,4,466,388,41,43,1,1,1
4449,4,470,391,40,41,1,1,1
4450,4,475,394,38,40,1,1,1
4451,4,480,397,36,39,1,1,1
4452,4,484,400,35,37,1,1,1
4453,4,489,403,33,36,1,1,1
4454,4,494,406,31,35,1,1,1
4455,4,499,410,30,33,1,1,1
4456,4,503,410,30,33,1,1,1
4457,4,507,411,30,32,1,1,1
4458,4,512,412,29,32,1,1,1
4459,4,516,412,29,32,1,1,1
4460,4,520,413,29,31,1,1,1
4461,4,520,413,29,31,1,1,1
4462,4,491,300,42,51,1,1,1
4463,4,489,300,42,51,1,1,1
4464,4,487,301,42,51,1,1,1
4465,4,485,302,42,51,1,1,1
4466,4,483,302,42,51,1,1,1
4467,4,482,303,42,51,1,1,1
4468,4,480,304,42,51,1,1,1
4469,4,478,304,42,51,1,1,1
4470,4,476,305,42,51,1,1,1
4471,4,474,306,42,51,1,1,1
4472,4,473,307,42,51,1,1,1
4473,4,472,307,42,51,1,1,1
4474,4,472,308,42,51,1,1,1
4475,4,471,309,42,51,1,1,1
4476,4,471,309,42,51,1,1,1
4477,4,471,310,42,51,1,1,1
4478,4,470,311,42,51,1,1,1
4479,4,470,311,42,51,1,1,1
4480,4,469,312,42,51,1,1,1
4481,4,469,313,42,51,1,1,1
4482,4,469,314,42,51,1,1,1
4483,4,469,314,42,51,1,1,1
4484,4,469,315,42,51,1,1,1
4485,4,469,316,42,51,1,1,1
4486,4,469,316,42,51,1,1,1
4487,4,470,317,42,51,1,1,1
4488,4,470,318,42,51,1,1,1
4489,4,470,318,42,51,1,1,1
4490,4,470,319,42,51,1,1,1
4491,4,470,320,42,51,1,1,1
4492,4,471,321,42,51,1,1,1
4493,4,470,321,42,51,1,1,1
4494,4,470,321,42,51,1,1,1
4495,4,470,321,42,51,1,1,1
4496,4,469,321,42,51,1,1,1
4497,4,469,321,42,51,1,1,1
4498,4,469,321,42,51,1,1,1
4499,4,468,321,42,51,1,1,1
4500,4,468,321,42,51,1,1,1
4501,4,468,321,42,51,1,1,1
4502,4,468,321,42,51,1,1,1
4503,4,467,321,42,51,1,1,1
4504,4,466,321,42,51,1,1,1
4505,4,466,321,42,51,1,1,1
4506,4,465,321,42,51,1,1,1
4507,4,465,321,42,51,1,1,1
4508,4,464,321,42,51,1,1,1
4509,4,463,321,42,51,1,1,1
4510,4,463,321,42,51,1,1,1
4511,4,462,321,42,51,1,1,1
4512,4,462,322,42,51,1,1,1
4513,4,461,322,42,51,1,1,1
4514,4,461,322,42,51,1,1,1
4515,4,461,322,42,51,1,1,1
4516,4,460,322,42,51,1,1,1
4517,4,460,323,42,51,1,1,1
4518,4,460,323,42,51,1,1,1
4519,4,459,323,42,51,1,1,1
4520,4,459,323,42,51,1,1,1
4521,4,459,323,42,51,1,1,1
4522,4,459,324,42,51,1,1,1
4523,4,458,324,42,51,1,1,1
4524,4,458,324,42,51,1,1,1
4525,4,458,324,42,51,1,1,1
4526,4,458,324,42,51,1,1,1
4527,4,458,324,42,51,1,1,1
4528,4,458,324,42,51,1,1,1
4529,4,458,324,42,51,1,1,1
4530,4,458,324,42,51,1,1,1
4531,4,457,324,42,51,1,1,1
4532,4,457,324,42,51,1,1,1
4533,4,457,324,42,51,1,1,1
4534,4,457,324,42,51,1,1,1
4535,4,457,324,42,51,1,1,1
4536,4,457,324,42,51,1,1,1
4537,4,457,324,42,51,1,1,1
4538,4,457,324,42,51,1,1,1
