59,6,306,275,37,44,1,1,1
60,6,302,273,37,44,1,1,1
61,6,298,271,37,44,1,1,1
62,6,294,269,37,44,1,1,1
63,6,290,268,37,44,1,1,1
64,6,286,266,37,44,1,1,1
65,6,282,264,37,44,1,1,1
66,6,278,262,37,44,1,1,1
67,6,274,261,37,44,1,1,1
68,6,270,259,37,44,1,1,1
69,6,266,257,37,44,1,1,1
70,6,263,256,37,44,1,1,1
71,6,252,253,37,44,1,1,1
72,6,241,251,37,44,1,1,1
73,6,230,249,37,44,1,1,1
74,6,215,248,37,44,1,1,1
75,6,200,248,37,44,1,1,1
76,6,185,248,37,44,1,1,1
77,6,170,247,37,44,1,1,1
78,6,155,247,37,44,1,1,1
79,6,140,247,37,44,1,1,1
80,6,132,249,37,44,1,1,1
81,6,125,252,37,44,1,1,1
82,6,118,254,37,44,1,1,1
83,6,110,257,37,44,1,1,1
84,6,103,259,37,44,1,1,1
85,6,96,262,37,44,1,1,1
86,6,88,264,37,44,1,1,1
87,6,81,267,37,44,1,1,1
88,6,74,269,37,44,1,1,1
89,6,67,272,37,44,1,1,1
90,6,67,273,37,44,1,1,1
91,6,67,275,37,43,1,1,1
92,6,67,276,37,43,1,1,1
93,6,67,278,37,43,1,1,1
94,6,69,280,37,43,1,1,1
95,6,72,282,37,43,1,1,1
96,6,75,285,36,42,1,1,1
97,6,77,287,37,42,1,1,1
98,6,80,289,36,42,1,1,1
99,6,83,292,36,41,1,1,1
100,6,85,293,36,41,1,1,1
101,6,87,295,36,40,1,1,1
102,6,89,297,36,40,1,1,1
103,6,92,298,36,40,1,1,1
104,6,94,300,36,40,1,1,1
105,6,96,302,36,39,1,1,1
106,6,99,303,36,39,1,1,1
107,6,101,305,36,39,1,1,1
108,6,103,307,36,38,1,1,1
109,6,106,309,36,38,1,1,1
110,6,109,310,36,38,1,1,1
111,6,112,311,36,38,1,1,1
112,6,115,313,36,38,1,1,1
113,6,119,314,35,37,1,1,1
114,6,123,316,34,36,1,1,1
115,6,127,318,34,35,1,1,1
116,6,131,319,33,35,1,1,1
117,6,135,321,32,34,1,1,1
118,6,135,321,32,34,1,1,1
363,6,8,264,47,45,1,1,1
364,6,36,264,47,44,1,1,1
365,6,65,264,46,44,1,1,1
366,6,94,264,46,44,1,1,1
367,6,119,264,46,44,1,1,1
368,6,145,265,45,43,1,1,1
369,6,171,265,44,43,1,1,1
370,6,197,266,44,42,1,1,1
371,6,220,267,43,42,1,1,1
372,6,243,269,43,41,1,1,1
373,6,266,271,43,41,1,1,1
374,6,285,271,42,40,1,1,1
375,6,304,271,42,40,1,1,1
376,6,323,271,42,40,1,1,1
377,6,340,269,42,40,1,1,1
378,6,357,267,42,41,1,1,1
379,6,374,265,42,41,1,1,1
380,6,392,264,42,41,1,1,1
381,6,406,262,42,41,1,1,1
382,6,420,260,43,41,1,1,1
383,6,435,258,43,41,1,1,1
384,6,447,256,43,41,1,1,1
385,6,460,254,43,41,1,1,1
386,6,472,252,43,41,1,1,1
387,6,485,250,43,41,1,1,1
388,6,497,248,43,41,1,1,1
389,6,510,246,43,41,1,1,1
390,6,523,244,43,41,1,1,1
391,6,534,242,43,41,1,1,1
392,6,545,240,43,41,1,1,1
393,6,556,239,43,41,1,1,1
394,6,563,237,43,41,1,1,1
395,6,571,235,43,41,1,1,1
396,6,578,233,43,41,1,1,1
397,6,586,232,43,41,1,1,1
398,6,593,230,43,41,1,1,1
399,6,601,228,43,41,1,1,1
400,6,608,227,43,41,1,1,1
401,6,616,225,43,41,1,1,1
402,6,623,223,43,41,1,1,1
403,6,631,222,43,41,1,1,1
404,6,633,220,43,41,1,1,1
405,6,636,219,43,41,1,1,1
406,6,639,217,43,41,1,1,1
407,6,642,216,43,41,1,1,1
408,6,644,214,43,41,1,1,1
409,6,647,213,43,41,1,1,1
410,6,650,212,43,41,1,1,1
411,6,653,210,43,41,1,1,1
412,6,655,209,43,41,1,1,1
413,6,658,207,43,41,1,1,1
414,6,661,206,43,41,1,1,1
415,6,664,205,43,41,1,1,1
416,6,665,204,43,41,1,1,1
417,6,666,203,43,41,1,1,1
418,6,667,202,43,41,1,1,1
419,6,667,202,43,41,1,1,1
420,6,520,99,114,112,1,1,1
421,6,519,99,114,112,1,1,1
422,6,518,99,114,112,1,1,1
423,6,517,99,114,112,1,1,1
424,6,516,99,114,112,1,1,1
425,6,515,99,114,112,1,1,1
426,6,514,99,114,112,1,1,1
427,6,514,100,114,112,1,1,1
428,6,515,109,114,112,1,1,1
429,6,517,118,114,112,1,1,1
430,6,519,128,114,112,1,1,1
431,6,521,137,114,112,1,1,1
432,6,523,147,114,112,1,1,1
433,6,525,155,114,112,1,1,1
434,6,527,164,114,112,1,1,1
435,6,529,173,114,112,1,1,1
436,6,531,182,114,112,1,1,1
437,6,533,191,114,112,1,1,1
438,6,535,200,114,112,1,1,1
439,6,537,208,114,112,1,1,1
440,6,539,217,114,112,1,1,1
441,6,541,226,114,112,1,1,1
442,6,543,235,114,112,1,1,1
443,6,545,244,114,112,1,1,1
444,6,545,244,114,112,1,1,1
445,6,564,226,57,49,1,1,1
446,6,567,228,57,49,1,1,1
447,6,570,230,57,49,1,1,1
448,6,574,233,57,49,1,1,1
449,6,576,232,57,49,1,1,1
450,6,579,231,57,49,1,1,1
451,6,582,231,57,49,1,1,1
452,6,585,230,57,49,1,1,1
453,6,588,230,57,49,1,1,1
454,6,590,229,57,49,1,1,1
455,6,593,228,57,49,1,1,1
456,6,596,228,57,49,1,1,1
457,6,599,227,57,49,1,1,1
458,6,602,227,57,49,1,1,1
459,6,603,231,56,49,1,1,1
460,6,604,235,56,50,1,1,1
461,6,605,239,56,50,1,1,1
462,6,606,243,56,51,1,1,1
463,6,607,247,56,51,1,1,1
464,6,608,251,56,52,1,1,1
465,6,609,255,56,53,1,1,1
466,6,610,254,56,54,1,1,1
467,6,611,254,56,54,1,1,1
468,6,612,254,56,54,1,1,1
469,6,613,248,56,54,1,1,1
470,6,615,242,56,54,1,1,1
471,6,617,236,55,54,1,1,1
472,6,619,230,55,54,1,1,1
473,6,621,225,55,54,1,1,1
474,6,621,214,55,54,1,1,1
475,6,621,203,55,54,1,1,1
476,6,622,193,55,54,1,1,1
477,6,622,182,55,54,1,1,1
478,6,623,172,55,54,1,1,1
479,6,623,161,55,54,1,1,1
480,6,624,151,55,54,1,1,1
481,6,623,141,55,54,1,1,1
482,6,622,132,56,53,1,1,1
483,6,622,123,56,53,1,1,1
484,6,620,119,56,54,1,1,1
485,6,619,116,56,54,1,1,1
486,6,618,113,56,54,1,1,1
487,6,617,113,56,54,1,1,1
488,6,616,114,57,54,1,1,1
489,6,615,114,57,55,1,1,1
490,6,615,115,57,55,1,1,1
491,6,614,119,57,55,1,1,1
492,6,613,123,58,56,1,1,1
493,6,613,128,57,56,1,1,1
494,6,612,132,58,57,1,1,1
495,6,611,136,59,57,1,1,1
496,6,611,141,58,57,1,1,1
497,6,610,145,59,58,1,1,1
498,6,610,150,59,58,1,1,1
499,6,610,154,59,58,1,1,1
500,6,611,159,59,58,1,1,1
501,6,611,164,59,58,1,1,1
502,6,612,168,59,58,1,1,1
503,6,612,173,59,58,1,1,1
504,6,613,178,59,58,1,1,1
505,6,613,182,59,58,1,1,1
506,6,614,187,59,58,1,1,1
507,6,614,192,59,58,1,1,1
508,6,615,197,59,58,1,1,1
509,6,616,196,59,58,1,1,1
510,6,617,196,59,58,1,1,1
511,6,618,196,59,58,1,1,1
512,6,619,196,59,58,1,1,1
513,6,621,195,58,58,1,1,1
514,6,622,195,58,58,1,1,1
515,6,623,195,58,58,1,1,1
516,6,624,195,58,58,1,1,1
517,6,624,195,58,58,1,1,1
575,6,408,418,17,21,1,1,1
576,6,409,417,17,21,1,1,1
577,6,410,417,17,21,1,1,1
578,6,411,416,17,21,1,1,1
579,6,412,416,17,21,1,1,1
580,6,413,415,18,21,1,1,1
581,6,414,415,18,21,1,1,1
582,6,415,414,18,21,1,1,1
583,6,416,414,18,21,1,1,1
584,6,417,413,18,21,1,1,1
585,6,419,413,18,21,1,1,1
586,6,419,413,18,21,1,1,1
587,6,420,413,17,21,1,1,1
588,6,421,414,17,21,1,1,1
589,6,420,414,17,21,1,1,1
590,6,419,415,17,21,1,1,1
591,6,418,415,18,21,1,1,1
592,6,418,416,17,21,1,1,1
593,6,417,416,18,21,1,1,1
594,6,416,417,18,21,1,1,1
595,6,416,418,18,21,1,1,1
596,6,416,417,18,21,1,1,1
597,6,416,417,18,21,1,1,1
598,6,416,417,18,21,1,1,1
599,6,416,415,18,21,1,1,1
600,6,417,413,18,21,1,1,1
601,6,418,412,18,21,1,1,1
602,6,419,410,18,21,1,1,1
603,6,420,409,18,21,1,1,1
604,6,421,407,18,21,1,1,1
605,6,422,406,18,21,1,1,1
606,6,421,405,18,21,1,1,1
607,6,421,404,18,21,1,1,1
608,6,421,404,18,21,1,1,1
609,6,421,403,18,21,1,1,1
610,6,421,403,18,21,1,1,1
611,6,421,403,18,21,1,1,1
612,6,422,403,18,21,1,1,1
613,6,423,403,18,21,1,1,1
614,6,424,403,18,21,1,1,1
615,6,425,403,18,21,1,1,1
616,6,424,403,18,21,1,1,1
617,6,423,403,18,21,1,1,1
618,6,422,404,18,21,1,1,1
619,6,421,404,18,21,1,1,1
620,6,420,405,18,21,1,1,1
621,6,419,405,18,21,1,1,1
622,6,419,406,18,21,1,1,1
623,6,418,404,18,21,1,1,1
624,6,417,403,18,21,1,1,1
625,6,417,402,18,21,1,1,1
626,6,416,400,18,21,1,1,1
627,6,415,399,18,21,1,1,1
628,6,415,397,17,21,1,1,1
629,6,414,396,18,21,1,1,1
630,6,414,394,17,21,1,1,1
631,6,413,393,17,21,1,1,1
632,6,413,392,17,21,1,1,1
633,6,411,390,17,21,1,1,1
634,6,409,389,17,21,1,1,1
635,6,407,388,18,21,1,1,1
636,6,407,388,18,21,1,1,1
637,6,407,388,18,21,1,1,1
638,6,407,388,18,21,1,1,1
639,6,407,388,18,21,1,1,1
640,6,407,389,18,21,1,1,1
641,6,407,389,18,21,1,1,1
642,6,407,389,18,21,1,1,1
643,6,407,389,18,21,1,1,1
644,6,407,389,18,21,1,1,1
645,6,407,390,18,21,1,1,1
646,6,407,390,18,21,1,1,1
647,6,407,390,18,21,1,1,1
648,6,407,390,18,21,1,1,1
649,6,407,390,18,21,1,1,1
650,6,407,390,18,21,1,1,1
680,6,440,325,28,28,1,1,1
681,6,440,326,28,28,1,1,1
682,6,441,328,28,28,1,1,1
683,6,442,329,27,28,1,1,1
684,6,443,331,27,28,1,1,1
685,6,444,333,27,28,1,1,1
686,6,444,331,28,28,1,1,1
687,6,445,330,28,28,1,1,1
688,6,446,328,28,28,1,1,1
689,6,447,327,28,28,1,1,1
690,6,448,326,28,28,1,1,1
691,6,451,323,28,28,1,1,1
692,6,455,321,28,27,1,1,1
693,6,458,318,28,27,1,1,1
694,6,462,316,28,27,1,1,1
695,6,463,316,28,27,1,1,1
696,6,465,316,28,27,1,1,1
697,6,467,316,28,27,1,1,1
698,6,468,316,28,27,1,1,1
699,6,470,316,28,27,1,1,1
700,6,472,316,28,28,1,1,1
701,6,468,316,28,28,1,1,1
702,6,464,316,28,28,1,1,1
703,6,460,316,28,28,1,1,1
704,6,457,316,28,28,1,1,1
705,6,453,316,28,28,1,1,1
706,6,449,316,28,28,1,1,1
707,6,446,316,28,28,1,1,1
708,6,442,316,28,28,1,1,1
709,6,438,316,28,28,1,1,1
710,6,435,317,28,28,1,1,1
711,6,432,317,28,27,1,1,1
712,6,430,317,27,27,1,1,1
713,6,427,317,28,27,1,1,1
714,6,425,317,27,27,1,1,1
715,6,423,317,27,27,1,1,1
716,6,421,316,28,27,1,1,1
717,6,420,315,28,28,1,1,1
718,6,419,315,28,27,1,1,1
719,6,418,314,28,28,1,1,1
720,6,417,314,28,28,1,1,1
721,6,416,312,28,28,1,1,1
722,6,416,310,27,28,1,1,1
723,6,415,308,28,28,1,1,1
724,6,415,306,27,28,1,1,1
725,6,415,305,27,27,1,1,1
726,6,415,303,28,27,1,1,1
727,6,416,301,28,28,1,1,1
728,6,417,300,28,28,1,1,1
729,6,417,299,28,28,1,1,1
730,6,418,299,28,27,1,1,1
731,6,419,298,28,27,1,1,1
732,6,420,298,28,27,1,1,1
733,6,419,296,28,27,1,1,1
734,6,419,294,28,27,1,1,1
735,6,419,293,28,27,1,1,1
736,6,419,291,28,27,1,1,1
737,6,419,289,28,28,1,1,1
738,6,419,288,28,27,1,1,1
739,6,419,286,28,28,1,1,1
740,6,419,284,28,28,1,1,1
741,6,419,284,28,28,1,1,1
769,6,453,220,184,171,1,1,1
770,6,450,226,184,171,1,1,1
771,6,447,232,184,171,1,1,1
772,6,444,238,184,171,1,1,1
773,6,441,245,184,171,1,1,1
774,6,438,251,184,171,1,1,1
775,6,435,257,184,171,1,1,1
776,6,433,264,184,171,1,1,1
777,6,436,256,184,171,1,1,1
778,6,439,248,184,171,1,1,1
779,6,443,240,184,171,1,1,1
780,6,446,232,184,171,1,1,1
781,6,450,224,184,171,1,1,1
782,6,456,209,184,171,1,1,1
783,6,462,194,184,171,1,1,1
784,6,468,179,184,171,1,1,1
785,6,473,182,184,171,1,1,1
786,6,478,185,184,171,1,1,1
787,6,484,188,184,171,1,1,1
788,6,489,191,184,171,1,1,1
789,6,495,194,184,171,1,1,1
790,6,500,197,184,171,1,1,1
791,6,506,201,184,171,1,1,1
792,6,502,199,184,172,1,1,1
793,6,498,198,184,173,1,1,1
794,6,495,197,183,174,1,1,1
795,6,493,207,183,175,1,1,1
796,6,492,218,183,176,1,1,1
797,6,491,229,183,176,1,1,1
798,6,490,240,183,177,1,1,1
799,6,489,251,183,177,1,1,1
800,6,488,262,183,178,1,1,1
801,6,487,273,183,179,1,1,1
802,6,487,275,183,179,1,1,1
803,6,487,277,183,179,1,1,1
804,6,487,279,183,179,1,1,1
805,6,487,281,183,179,1,1,1
806,6,492,265,183,179,1,1,1
807,6,497,250,183,179,1,1,1
808,6,502,235,183,179,1,1,1
809,6,508,220,182,178,1,1,1
810,6,513,205,182,178,1,1,1
811,6,518,190,182,178,1,1,1
812,6,518,190,182,178,1,1,1
813,6,581,383,11,11,1,1,1
814,6,581,383,11,11,1,1,1
815,6,581,383,11,11,1,1,1
816,6,581,383,11,11,1,1,1
817,6,580,383,11,11,1,1,1
818,6,580,383,11,11,1,1,1
819,6,579,383,11,11,1,1,1
820,6,579,383,11,11,1,1,1
821,6,578,384,11,11,1,1,1
822,6,578,384,11,11,1,1,1
823,6,577,384,11,11,1,1,1
824,6,577,384,11,11,1,1,1
825,6,576,384,11,11,1,1,1
826,6,576,385,11,11,1,1,1
827,6,575,384,11,11,1,1,1
828,6,574,383,12,12,1,1,1
829,6,573,382,12,13,1,1,1
830,6,572,382,13,13,1,1,1
831,6,571,381,13,13,1,1,1
832,6,570,380,14,14,1,1,1
833,6,569,379,14,15,1,1,1
834,6,568,379,15,15,1,1,1
835,6,566,379,15,15,1,1,1
836,6,565,379,15,15,1,1,1
837,6,564,379,15,15,1,1,1
838,6,563,379,15,15,1,1,1
839,6,562,379,15,15,1,1,1
840,6,559,378,16,16,1,1,1
841,6,557,378,16,16,1,1,1
842,6,555,378,16,16,1,1,1
843,6,552,378,17,16,1,1,1
844,6,550,378,17,16,1,1,1
845,6,548,378,17,16,1,1,1
846,6,546,378,17,16,1,1,1
847,6,541,377,18,17,1,1,1
848,6,537,376,18,18,1,1,1
849,6,533,376,19,18,1,1,1
850,6,529,375,19,19,1,1,1
851,6,525,375,20,19,1,1,1
852,6,518,375,21,20,1,1,1
853,6,511,376,22,20,1,1,1
854,6,504,377,23,21,1,1,1
855,6,497,377,24,22,1,1,1
856,6,490,378,25,22,1,1,1
857,6,484,379,25,23,1,1,1
858,6,470,378,27,25,1,1,1
859,6,456,378,29,26,1,1,1
860,6,443,378,30,27,1,1,1
861,6,429,378,32,28,1,1,1
862,6,416,378,34,29,1,1,1
863,6,391,374,36,30,1,1,1
864,6,366,370,38,32,1,1,1
865,6,341,366,40,34,1,1,1
866,6,316,362,42,36,1,1,1
867,6,291,358,44,38,1,1,1
868,6,266,354,47,40,1,1,1
869,6,228,347,50,44,1,1,1
870,6,190,341,54,47,1,1,1
871,6,152,335,58,50,1,1,1
872,6,106,332,62,54,1,1,1
873,6,61,330,65,57,1,1,1
903,6,8,336,63,53,1,1,1
904,6,25,336,60,51,1,1,1
905,6,42,337,58,49,1,1,1
906,6,59,337,56,48,1,1,1
907,6,77,338,53,46,1,1,1
908,6,94,338,51,44,1,1,1
909,6,111,339,49,42,1,1,1
910,6,128,339,47,41,1,1,1
911,6,146,340,44,39,1,1,1
912,6,159,340,43,39,1,1,1
913,6,173,341,41,38,1,1,1
914,6,186,342,41,37,1,1,1
915,6,200,343,39,36,1,1,1
916,6,213,344,38,35,1,1,1
917,6,227,345,37,34,1,1,1
918,6,238,345,36,33,1,1,1
919,6,250,345,34,32,1,1,1
920,6,262,345,33,31,1,1,1
921,6,273,345,32,30,1,1,1
922,6,285,345,30,29,1,1,1
923,6,297,345,29,28,1,1,1
924,6,306,343,28,27,1,1,1
925,6,315,342,28,26,1,1,1
926,6,324,340,28,26,1,1,1
927,6,333,339,28,25,1,1,1
928,6,343,338,27,24,1,1,1
929,6,346,338,27,23,1,1,1
930,6,350,339,26,22,1,1,1
931,6,354,339,26,22,1,1,1
932,6,358,340,25,21,1,1,1
933,6,358,340,25,21,1,1,1
1008,6,452,432,16,15,1,1,1
1009,6,448,430,15,15,1,1,1
1010,6,444,428,15,15,1,1,1
1011,6,440,427,15,14,1,1,1
1012,6,436,425,15,14,1,1,1
1013,6,432,424,15,14,1,1,1
1014,6,426,422,16,14,1,1,1
1015,6,421,420,16,14,1,1,1
1016,6,416,418,16,14,1,1,1
1017,6,409,417,17,15,1,1,1
1018,6,403,417,17,15,1,1,1
1019,6,397,417,17,15,1,1,1
1020,6,391,416,17,16,1,1,1
1021,6,385,416,17,16,1,1,1
1022,6,379,416,17,16,1,1,1
1023,6,373,414,17,16,1,1,1
1024,6,367,412,17,16,1,1,1
1025,6,362,410,17,17,1,1,1
1026,6,356,408,17,17,1,1,1
1027,6,350,406,17,17,1,1,1
1028,6,345,404,17,18,1,1,1
1029,6,339,402,17,17,1,1,1
1030,6,333,400,18,17,1,1,1
1031,6,327,398,18,17,1,1,1
1032,6,321,396,19,17,1,1,1
1033,6,315,394,20,17,1,1,1
1034,6,310,392,20,17,1,1,1
1035,6,305,391,20,17,1,1,1
1036,6,299,389,21,17,1,1,1
1037,6,294,387,21,17,1,1,1
1038,6,289,386,21,17,1,1,1
1039,6,285,382,21,17,1,1,1
1040,6,281,379,21,17,1,1,1
1041,6,277,375,21,18,1,1,1
1042,6,273,372,21,17,1,1,1
1043,6,269,368,21,18,1,1,1
1044,6,265,365,22,18,1,1,1
1045,6,261,362,22,18,1,1,1
1046,6,258,359,22,19,1,1,1
1047,6,254,356,23,20,1,1,1
1048,6,251,354,23,20,1,1,1
1049,6,246,351,23,21,1,1,1
1050,6,241,349,24,21,1,1,1
1051,6,237,346,24,22,1,1,1
1052,6,232,344,25,22,1,1,1
1053,6,228,342,25,22,1,1,1
1054,6,223,339,26,23,1,1,1
1055,6,218,337,27,23,1,1,1
1056,6,214,334,27,24,1,1,1
1057,6,209,332,28,24,1,1,1
1058,6,205,330,28,24,1,1,1
1059,6,199,327,28,23,1,1,1
1060,6,194,324,28,23,1,1,1
1061,6,189,321,28,23,1,1,1
1062,6,185,319,28,24,1,1,1
1063,6,182,318,28,24,1,1,1
1064,6,179,317,28,24,1,1,1
1065,6,179,317,28,24,1,1,1
1132,6,3,395,44,39,1,1,1
1133,6,14,396,44,39,1,1,1
1134,6,26,398,43,38,1,1,1
1135,6,37,400,43,37,1,1,1
1136,6,49,402,42,36,1,1,1
1137,6,60,404,42,35,1,1,1
1138,6,72,406,41,34,1,1,1
1139,6,81,404,41,33,1,1,1
1140,6,91,402,40,33,1,1,1
1141,6,101,400,39,32,1,1,1
1142,6,111,399,38,31,1,1,1
1143,6,119,398,37,31,1,1,1
1144,6,127,398,36,30,1,1,1
1145,6,135,398,36,29,1,1,1
1146,6,142,398,35,29,1,1,1
1147,6,150,399,34,29,1,1,1
1148,6,157,400,34,28,1,1,1
1149,6,165,401,33,28,1,1,1
1150,6,172,401,33,28,1,1,1
1151,6,180,402,32,27,1,1,1
1152,6,188,403,31,27,1,1,1
1153,6,193,402,31,27,1,1,1
1154,6,198,401,31,27,1,1,1
1155,6,203,400,31,27,1,1,1
1156,6,208,399,31,27,1,1,1
1157,6,213,398,31,27,1,1,1
1158,6,218,397,31,27,1,1,1
1159,6,223,396,31,27,1,1,1
1160,6,229,396,30,27,1,1,1
1161,6,231,397,29,27,1,1,1
1162,6,233,398,29,27,1,1,1
1163,6,235,400,29,26,1,1,1
1164,6,238,401,28,26,1,1,1
1165,6,240,403,28,25,1,1,1
1166,6,242,404,28,25,1,1,1
1167,6,245,406,27,25,1,1,1
1168,6,246,406,27,24,1,1,1
1169,6,248,406,26,24,1,1,1
1170,6,250,406,26,24,1,1,1
1171,6,252,406,25,24,1,1,1
1172,6,254,406,25,24,1,1,1
1173,6,254,405,25,24,1,1,1
1174,6,255,404,25,24,1,1,1
1175,6,255,403,25,24,1,1,1
1176,6,256,403,25,24,1,1,1
1177,6,257,402,24,24,1,1,1
1178,6,257,401,25,24,1,1,1
1179,6,258,400,24,24,1,1,1
1180,6,258,400,24,24,1,1,1
1240,6,465,205,89,85,1,1,1
1241,6,476,200,89,85,1,1,1
1242,6,488,195,88,85,1,1,1
1243,6,499,190,89,85,1,1,1
1244,6,511,186,88,84,1,1,1
1245,6,522,181,89,84,1,1,1
1246,6,534,176,88,84,1,1,1
1247,6,546,172,88,84,1,1,1
1248,6,562,166,88,84,1,1,1
1249,6,578,160,88,84,1,1,1
1250,6,594,154,89,85,1,1,1
1251,6,613,159,88,85,1,1,1
1252,6,632,165,88,84,1,1,1
1253,6,651,170,88,85,1,1,1
1254,6,670,176,88,84,1,1,1
1255,6,689,182,88,84,1,1,1
1256,6,707,181,88,84,1,1,1
1257,6,726,180,88,84,1,1,1
1258,6,744,179,89,84,1,1,1
1259,6,763,178,89,84,1,1,1
1260,6,782,177,89,85,1,1,1
1261,6,796,175,89,85,1,1,1
1262,6,810,173,89,85,1,1,1
1263,6,824,171,89,85,1,1,1
1264,6,838,170,89,85,1,1,1
1265,6,850,173,89,85,1,1,1
1266,6,862,177,89,85,1,1,1
1267,6,874,181,89,85,1,1,1
1268,6,874,181,89,85,1,1,1
1352,6,3,262,64,84,1,1,1
1353,6,4,260,82,74,1,1,1
1354,6,16,258,81,72,1,1,1
1355,6,29,256,79,71,1,1,1
1356,6,42,254,77,70,1,1,1
1357,6,54,252,77,69,1,1,1
1358,6,67,250,75,68,1,1,1
1359,6,80,248,73,67,1,1,1
1360,6,93,246,72,66,1,1,1
1361,6,103,245,71,64,1,1,1
1362,6,113,244,70,63,1,1,1
1363,6,123,243,69,62,1,1,1
1364,6,129,243,69,61,1,1,1
1365,6,136,244,68,60,1,1,1
1366,6,143,245,67,59,1,1,1
1367,6,150,246,66,58,1,1,1
1368,6,157,247,65,57,1,1,1
1369,6,164,248,65,56,1,1,1
1370,6,168,250,64,55,1,1,1
1371,6,173,252,63,54,1,1,1
1372,6,177,254,62,53,1,1,1
1373,6,182,256,61,53,1,1,1
1374,6,183,254,60,53,1,1,1
1375,6,184,253,60,53,1,1,1
1376,6,185,252,60,53,1,1,1
1377,6,186,251,60,53,1,1,1
1378,6,186,248,60,53,1,1,1
1379,6,186,246,60,53,1,1,1
1380,6,186,243,61,53,1,1,1
1381,6,186,241,61,53,1,1,1
1382,6,186,238,61,53,1,1,1
1383,6,187,236,61,53,1,1,1
1384,6,187,235,61,53,1,1,1
1385,6,187,234,61,53,1,1,1
1386,6,188,233,60,53,1,1,1
1387,6,188,232,60,53,1,1,1
1388,6,189,231,60,53,1,1,1
1389,6,189,232,60,53,1,1,1
1390,6,189,233,61,53,1,1,1
1391,6,190,234,60,53,1,1,1
1392,6,190,235,61,53,1,1,1
1393,6,191,237,61,53,1,1,1
1394,6,191,237,61,53,1,1,1
1395,6,191,238,61,52,1,1,1
1396,6,191,238,61,53,1,1,1
1397,6,191,239,61,52,1,1,1
1398,6,191,239,61,53,1,1,1
1399,6,191,240,61,52,1,1,1
1400,6,192,241,61,52,1,1,1
1401,6,192,244,61,52,1,1,1
1402,6,192,247,61,52,1,1,1
1403,6,193,250,61,53,1,1,1
1404,6,193,249,61,53,1,1,1
1405,6,193,248,61,53,1,1,1
1406,6,194,248,61,53,1,1,1
1407,6,194,247,61,53,1,1,1
1408,6,194,246,61,53,1,1,1
1409,6,195,246,61,53,1,1,1
1410,6,195,245,61,53,1,1,1
1411,6,195,244,61,53,1,1,1
1412,6,196,244,61,53,1,1,1
1413,6,196,243,61,53,1,1,1
1414,6,196,242,61,53,1,1,1
1415,6,196,242,61,53,1,1,1
1461,6,1,298,46,44,1,1,1
1462,6,25,299,46,44,1,1,1
1463,6,50,301,45,43,1,1,1
1464,6,75,303,44,42,1,1,1
1465,6,100,304,43,42,1,1,1
1466,6,125,306,42,41,1,1,1
1467,6,150,308,42,40,1,1,1
1468,6,172,309,41,39,1,1,1
1469,6,194,310,41,38,1,1,1
1470,6,216,311,40,37,1,1,1
1471,6,238,312,40,36,1,1,1
1472,6,254,313,39,35,1,1,1
1473,6,270,314,38,34,1,1,1
1474,6,286,315,38,34,1,1,1
1475,6,302,316,37,33,1,1,1
1476,6,319,318,36,32,1,1,1
1477,6,331,319,35,32,1,1,1
1478,6,343,321,34,31,1,1,1
1479,6,355,322,33,31,1,1,1
1480,6,367,324,32,30,1,1,1
1481,6,379,326,31,29,1,1,1
1482,6,387,326,31,29,1,1,1
1483,6,396,327,30,28,1,1,1
1484,6,404,328,30,28,1,1,1
1485,6,413,328,29,28,1,1,1
1486,6,421,329,29,28,1,1,1
1487,6,430,330,28,27,1,1,1
1488,6,439,331,28,27,1,1,1
1489,6,446,333,27,26,1,1,1
1490,6,453,335,26,25,1,1,1
1491,6,460,337,26,25,1,1,1
1492,6,465,337,26,25,1,1,1
1493,6,470,338,26,25,1,1,1
1494,6,475,339,26,25,1,1,1
1495,6,480,339,26,25,1,1,1
1496,6,485,340,26,25,1,1,1
1497,6,490,341,26,25,1,1,1
1498,6,490,342,26,25,1,1,1
1499,6,491,343,26,25,1,1,1
1500,6,492,344,26,25,1,1,1
1501,6,493,346,26,25,1,1,1
1502,6,498,347,25,24,1,1,1
1503,6,503,348,25,23,1,1,1
1504,6,509,350,24,22,1,1,1
1505,6,511,350,24,22,1,1,1
1506,6,514,351,23,21,1,1,1
1507,6,517,352,22,20,1,1,1
1508,6,520,353,21,19,1,1,1
1509,6,523,354,20,19,1,1,1
1510,6,523,355,20,19,1,1,1
1511,6,524,356,20,19,1,1,1
1512,6,525,357,19,19,1,1,1
1513,6,526,359,19,18,1,1,1
1514,6,526,360,19,18,1,1,1
1515,6,527,361,19,19,1,1,1
1516,6,528,362,19,19,1,1,1
1517,6,529,364,18,18,1,1,1
1518,6,529,365,19,18,1,1,1
1519,6,530,366,18,18,1,1,1
1520,6,531,367,18,18,1,1,1
1521,6,532,369,18,18,1,1,1
1522,6,531,370,18,18,1,1,1
1523,6,531,372,18,18,1,1,1
1524,6,531,374,17,17,1,1,1
1525,6,531,376,17,17,1,1,1
1526,6,531,378,17,17,1,1,1
1527,6,530,380,17,16,1,1,1
1528,6,530,382,17,16,1,1,1
1529,6,530,384,16,15,1,1,1
1530,6,530,386,16,15,1,1,1
1531,6,530,388,16,15,1,1,1
1532,6,530,389,16,15,1,1,1
1533,6,530,390,16,15,1,1,1
1534,6,530,391,16,15,1,1,1
1535,6,530,391,16,15,1,1,1
1605,6,1,234,79,76,1,1,1
1606,6,1,234,79,76,1,1,1
1607,6,10,231,79,75,1,1,1
1608,6,21,229,78,74,1,1,1
1609,6,31,227,77,73,1,1,1
1610,6,42,225,76,72,1,1,1
1611,6,52,223,75,71,1,1,1
1612,6,63,221,74,70,1,1,1
1613,6,73,219,73,69,1,1,1
1614,6,84,217,72,68,1,1,1
1615,6,94,215,71,67,1,1,1
1616,6,105,213,70,66,1,1,1
1617,6,114,215,69,64,1,1,1
1618,6,123,217,69,63,1,1,1
1619,6,133,219,68,61,1,1,1
1620,6,142,221,68,60,1,1,1
1621,6,152,223,67,59,1,1,1
1622,6,155,223,66,58,1,1,1
1623,6,158,223,65,57,1,1,1
1624,6,161,223,65,56,1,1,1
1625,6,164,224,64,55,1,1,1
1626,6,167,224,64,54,1,1,1
1627,6,170,224,63,53,1,1,1
1628,6,173,225,63,52,1,1,1
1629,6,173,224,63,52,1,1,1
1630,6,173,223,63,52,1,1,1
1631,6,173,222,64,52,1,1,1
1632,6,174,221,63,52,1,1,1
1633,6,174,220,64,52,1,1,1
1634,6,174,219,64,52,1,1,1
1635,6,175,219,64,52,1,1,1
1636,6,175,218,64,52,1,1,1
1637,6,175,217,64,52,1,1,1
1638,6,175,216,64,52,1,1,1
1639,6,176,216,64,52,1,1,1
1640,6,176,215,64,52,1,1,1
1641,6,176,214,64,52,1,1,1
1642,6,176,213,64,52,1,1,1
1643,6,177,213,64,52,1,1,1
1644,6,177,212,64,52,1,1,1
1645,6,177,211,64,52,1,1,1
1646,6,178,211,64,52,1,1,1
1647,6,177,213,64,52,1,1,1
1648,6,177,215,64,52,1,1,1
1649,6,177,217,64,52,1,1,1
1650,6,177,219,64,52,1,1,1
1651,6,177,221,64,52,1,1,1
1652,6,176,223,64,52,1,1,1
1653,6,176,225,64,52,1,1,1
1654,6,176,227,64,52,1,1,1
1655,6,176,229,64,52,1,1,1
1656,6,176,231,64,52,1,1,1
1657,6,177,230,64,52,1,1,1
1658,6,179,229,64,52,1,1,1
1659,6,181,229,64,51,1,1,1
1660,6,183,228,64,52,1,1,1
1661,6,185,227,63,52,1,1,1
1662,6,187,227,63,51,1,1,1
1663,6,189,226,63,51,1,1,1
1664,6,191,226,63,51,1,1,1
1665,6,197,227,62,50,1,1,1
1666,6,203,229,61,49,1,1,1
1667,6,209,230,60,49,1,1,1
1668,6,216,232,59,47,1,1,1
1669,6,222,233,58,47,1,1,1
1670,6,228,235,57,46,1,1,1
1671,6,234,237,56,44,1,1,1
1672,6,241,238,55,44,1,1,1
1673,6,247,240,54,43,1,1,1
1674,6,253,241,53,42,1,1,1
1675,6,259,243,52,41,1,1,1
1676,6,266,245,51,40,1,1,1
1677,6,271,247,50,40,1,1,1
1678,6,276,249,49,40,1,1,1
1679,6,281,251,48,40,1,1,1
1680,6,286,253,47,40,1,1,1
1681,6,291,255,46,40,1,1,1
1682,6,296,257,45,40,1,1,1
1683,6,301,259,44,40,1,1,1
1684,6,306,261,43,40,1,1,1
1685,6,311,263,42,40,1,1,1
1686,6,316,266,41,39,1,1,1
1687,6,315,265,41,39,1,1,1
1688,6,314,265,41,39,1,1,1
1689,6,313,264,41,39,1,1,1
1690,6,312,264,41,39,1,1,1
1691,6,311,263,41,39,1,1,1
1692,6,310,263,41,39,1,1,1
1693,6,309,262,41,39,1,1,1
1694,6,308,262,41,39,1,1,1
1695,6,307,261,41,39,1,1,1
1696,6,306,261,41,39,1,1,1
1697,6,302,263,41,38,1,1,1
1698,6,299,265,41,38,1,1,1
1699,6,295,267,41,38,1,1,1
1700,6,292,269,41,38,1,1,1
1701,6,289,271,41,38,1,1,1
1702,6,284,273,41,38,1,1,1
1703,6,280,275,41,38,1,1,1
1704,6,275,277,41,38,1,1,1
1705,6,271,279,41,38,1,1,1
1706,6,267,281,41,39,1,1,1
1707,6,259,280,41,39,1,1,1
1708,6,251,280,41,39,1,1,1
1709,6,243,280,41,39,1,1,1
1710,6,243,280,41,39,1,1,1
1757,6,364,405,21,21,1,1,1
1758,6,361,405,21,21,1,1,1
1759,6,358,405,21,21,1,1,1
1760,6,355,406,21,21,1,1,1
1761,6,352,406,21,21,1,1,1
1762,6,350,407,20,21,1,1,1
1763,6,345,407,20,21,1,1,1
1764,6,341,407,20,21,1,1,1
1765,6,336,407,21,21,1,1,1
1766,6,332,407,21,21,1,1,1
1767,6,328,407,21,21,1,1,1
1768,6,323,406,21,21,1,1,1
1769,6,319,406,21,21,1,1,1
1770,6,315,406,21,21,1,1,1
1771,6,310,406,21,21,1,1,1
1772,6,306,406,21,21,1,1,1
1773,6,302,406,21,21,1,1,1
1774,6,298,406,21,21,1,1,1
1775,6,295,405,21,21,1,1,1
1776,6,292,404,21,21,1,1,1
1777,6,290,404,21,21,1,1,1
1778,6,287,403,20,21,1,1,1
1779,6,284,403,20,21,1,1,1
1780,6,281,403,20,20,1,1,1
1781,6,278,402,20,21,1,1,1
1782,6,275,402,20,20,1,1,1
1783,6,272,402,20,20,1,1,1
1784,6,269,402,20,20,1,1,1
1785,6,266,401,20,21,1,1,1
1786,6,263,401,20,21,1,1,1
1787,6,260,401,21,21,1,1,1
1788,6,256,400,21,21,1,1,1
1789,6,252,400,21,21,1,1,1
1790,6,248,400,21,21,1,1,1
1791,6,244,400,21,21,1,1,1
1792,6,241,400,20,21,1,1,1
1793,6,239,399,20,21,1,1,1
1794,6,237,399,20,21,1,1,1
1795,6,235,399,21,21,1,1,1
1796,6,233,399,21,21,1,1,1
1797,6,232,399,21,21,1,1,1
1798,6,229,398,21,21,1,1,1
1799,6,226,398,21,21,1,1,1
1800,6,224,398,21,21,1,1,1
1801,6,221,398,21,21,1,1,1
1802,6,219,398,21,21,1,1,1
1803,6,218,398,21,21,1,1,1
1804,6,217,398,21,21,1,1,1
1805,6,216,398,21,21,1,1,1
1806,6,215,398,21,21,1,1,1
1807,6,215,399,21,21,1,1,1
1808,6,214,398,21,21,1,1,1
1809,6,213,397,21,21,1,1,1
1810,6,212,397,21,21,1,1,1
1811,6,211,396,21,21,1,1,1
1812,6,210,395,21,21,1,1,1
1813,6,210,395,21,21,1,1,1
1814,6,209,393,21,21,1,1,1
1815,6,209,391,21,21,1,1,1
1816,6,209,389,21,21,1,1,1
1817,6,209,388,21,21,1,1,1
1818,6,208,386,21,21,1,1,1
1819,6,208,385,21,21,1,1,1
1820,6,208,383,21,22,1,1,1
1821,6,208,382,21,21,1,1,1
1822,6,208,380,21,22,1,1,1
1823,6,208,379,21,22,1,1,1
1824,6,207,378,21,22,1,1,1
1825,6,207,377,21,22,1,1,1
1826,6,206,376,22,22,1,1,1
1827,6,206,375,22,23,1,1,1
1828,6,205,374,22,23,1,1,1
1829,6,204,373,22,23,1,1,1
1830,6,204,372,22,23,1,1,1
1831,6,203,371,22,23,1,1,1
1832,6,203,371,22,23,1,1,1
1833,6,202,370,22,23,1,1,1
1834,6,201,369,22,23,1,1,1
1835,6,201,368,22,23,1,1,1
1836,6,200,367,22,23,1,1,1
1837,6,200,367,22,23,1,1,1
1838,6,200,365,22,24,1,1,1
1839,6,200,364,23,24,1,1,1
1840,6,200,363,23,24,1,1,1
1841,6,200,361,24,25,1,1,1
1842,6,200,360,24,25,1,1,1
1843,6,201,359,24,25,1,1,1
1844,6,199,357,25,25,1,1,1
1845,6,198,356,25,25,1,1,1
1846,6,196,354,26,26,1,1,1
1847,6,195,353,26,26,1,1,1
1848,6,194,352,26,26,1,1,1
1849,6,194,351,26,26,1,1,1
1850,6,194,351,26,26,1,1,1
1851,6,193,350,26,26,1,1,1
1852,6,193,350,26,26,1,1,1
1853,6,193,349,26,26,1,1,1
1854,6,192,348,26,26,1,1,1
1855,6,192,348,26,26,1,1,1
1856,6,192,347,26,26,1,1,1
1857,6,192,347,26,26,1,1,1
1858,6,553,207,146,133,1,1,1
1859,6,553,204,147,134,1,1,1
1860,6,554,202,147,135,1,1,1
1861,6,555,200,147,135,1,1,1
1862,6,555,198,148,136,1,1,1
1863,6,556,195,148,137,1,1,1
1864,6,557,193,149,138,1,1,1
1865,6,557,191,150,138,1,1,1
1866,6,558,189,150,139,1,1,1
1867,6,559,186,150,140,1,1,1
1868,6,559,184,151,141,1,1,1
1869,6,560,182,151,141,1,1,1
1870,6,561,180,152,142,1,1,1
1871,6,561,180,153,142,1,1,1
1872,6,561,180,154,142,1,1,1
1873,6,561,181,155,141,1,1,1
1874,6,562,181,155,142,1,1,1
1875,6,562,182,156,141,1,1,1
1876,6,562,182,157,141,1,1,1
1877,6,563,182,157,142,1,1,1
1878,6,563,183,158,141,1,1,1
1879,6,563,183,159,141,1,1,1
1880,6,564,184,160,141,1,1,1
1881,6,564,185,162,143,1,1,1
1882,6,565,187,163,145,1,1,1
1883,6,565,188,165,147,1,1,1
1884,6,566,190,166,149,1,1,1
1885,6,567,192,167,150,1,1,1
1886,6,567,193,169,153,1,1,1
1887,6,568,195,170,154,1,1,1
1888,6,568,196,172,157,1,1,1
1889,6,569,198,173,158,1,1,1
1890,6,570,200,175,160,1,1,1
1891,6,571,201,175,160,1,1,1
1892,6,572,202,175,160,1,1,1
1893,6,573,203,175,160,1,1,1
1894,6,574,204,175,160,1,1,1
1895,6,575,205,175,160,1,1,1
1896,6,576,206,175,160,1,1,1
1897,6,577,207,175,160,1,1,1
1898,6,578,208,175,160,1,1,1
1899,6,579,209,175,160,1,1,1
1900,6,580,210,175,160,1,1,1
1901,6,580,212,176,161,1,1,1
1902,6,581,214,177,163,1,1,1
1903,6,581,216,179,165,1,1,1
1904,6,582,218,180,166,1,1,1
1905,6,582,221,182,167,1,1,1
1906,6,583,223,182,169,1,1,1
1907,6,583,225,184,170,1,1,1
1908,6,584,227,185,172,1,1,1
1909,6,584,229,187,174,1,1,1
1910,6,585,232,188,175,1,1,1
1911,6,579,237,188,175,1,1,1
1912,6,573,243,188,175,1,1,1
1913,6,568,249,188,175,1,1,1
1914,6,562,254,188,175,1,1,1
1915,6,557,260,188,175,1,1,1
1916,6,551,266,188,175,1,1,1
1917,6,545,271,188,175,1,1,1
1918,6,540,277,188,175,1,1,1
1919,6,534,283,188,175,1,1,1
1920,6,529,289,188,175,1,1,1
1921,6,528,286,188,175,1,1,1
1922,6,528,284,188,175,1,1,1
1923,6,528,282,188,175,1,1,1
1924,6,527,279,188,175,1,1,1
1925,6,527,277,188,175,1,1,1
1926,6,527,275,188,175,1,1,1
1927,6,527,273,188,175,1,1,1
1928,6,526,270,188,175,1,1,1
1929,6,526,268,188,175,1,1,1
1930,6,526,266,188,175,1,1,1
1931,6,526,266,188,175,1,1,1
1980,6,546,171,215,213,1,1,1
1981,6,549,171,215,213,1,1,1
1982,6,553,171,215,213,1,1,1
1983,6,557,171,215,213,1,1,1
1984,6,560,171,215,213,1,1,1
1985,6,564,171,215,213,1,1,1
1986,6,568,171,215,213,1,1,1
1987,6,571,171,215,213,1,1,1
1988,6,575,171,215,213,1,1,1
1989,6,579,171,215,213,1,1,1
1990,6,583,172,215,213,1,1,1
1991,6,580,172,215,213,1,1,1
1992,6,578,172,215,213,1,1,1
1993,6,575,173,215,213,1,1,1
1994,6,573,173,215,213,1,1,1
1995,6,571,174,215,213,1,1,1
1996,6,568,174,215,213,1,1,1
1997,6,566,174,215,213,1,1,1
1998,6,563,175,215,213,1,1,1
1999,6,561,175,215,213,1,1,1
2000,6,559,176,215,213,1,1,1
2001,6,555,178,215,213,1,1,1
2002,6,551,180,215,213,1,1,1
2003,6,547,182,215,213,1,1,1
2004,6,543,184,215,213,1,1,1
2005,6,539,186,215,213,1,1,1
2006,6,535,188,215,213,1,1,1
2007,6,535,188,215,213,1,1,1
2300,6,15,223,76,79,1,1,1
2301,6,47,224,74,77,1,1,1
2302,6,80,225,71,76,1,1,1
2303,6,113,226,68,74,1,1,1
2304,6,146,228,66,72,1,1,1
2305,6,171,229,64,70,1,1,1
2306,6,197,230,62,69,1,1,1
2307,6,223,231,59,67,1,1,1
2308,6,249,232,57,66,1,1,1
2309,6,268,234,55,64,1,1,1
2310,6,287,236,54,62,1,1,1
2311,6,306,238,52,60,1,1,1
2312,6,326,240,50,59,1,1,1
2313,6,338,244,49,58,1,1,1
2314,6,351,249,47,56,1,1,1
2315,6,363,254,46,54,1,1,1
2316,6,376,259,44,52,1,1,1
2317,6,389,264,42,50,1,1,1
2318,6,398,270,40,48,1,1,1
2319,6,408,276,38,47,1,1,1
2320,6,418,283,36,45,1,1,1
2321,6,423,286,36,44,1,1,1
2322,6,429,289,35,43,1,1,1
2323,6,435,293,34,41,1,1,1
2324,6,441,296,33,40,1,1,1
2325,6,447,300,32,38,1,1,1
2326,6,453,303,31,37,1,1,1
2327,6,459,307,31,35,1,1,1
2328,6,463,311,30,33,1,1,1
2329,6,467,315,29,31,1,1,1
2330,6,472,319,28,30,1,1,1
2331,6,476,323,27,28,1,1,1
2332,6,476,323,27,28,1,1,1
2430,6,1,262,55,53,1,1,1
2431,6,27,266,54,51,1,1,1
2432,6,54,270,52,49,1,1,1
2433,6,81,274,50,48,1,1,1
2434,6,108,278,48,46,1,1,1
2435,6,135,283,47,44,1,1,1
2436,6,157,286,46,43,1,1,1
2437,6,180,290,44,41,1,1,1
2438,6,202,294,44,40,1,1,1
2439,6,225,298,42,38,1,1,1
2440,6,248,302,41,37,1,1,1
2441,6,264,303,40,37,1,1,1
2442,6,280,305,40,36,1,1,1
2443,6,296,307,39,35,1,1,1
2444,6,312,309,39,34,1,1,1
2445,6,319,311,38,33,1,1,1
2446,6,327,314,36,31,1,1,1
2447,6,335,317,35,30,1,1,1
2448,6,334,318,34,30,1,1,1
2449,6,333,320,34,29,1,1,1
2450,6,332,322,33,28,1,1,1
2451,6,332,322,33,28,1,1,1
2508,6,500,417,22,20,1,1,1
2509,6,499,415,22,20,1,1,1
2510,6,499,413,22,20,1,1,1
2511,6,498,411,22,20,1,1,1
2512,6,498,409,22,20,1,1,1
2513,6,497,408,22,20,1,1,1
2514,6,497,406,22,20,1,1,1
2515,6,496,404,22,20,1,1,1
2516,6,496,402,22,20,1,1,1
2517,6,495,400,22,20,1,1,1
2518,6,495,399,22,20,1,1,1
2519,6,494,397,22,20,1,1,1
2520,6,493,395,22,20,1,1,1
2521,6,492,394,22,20,1,1,1
2522,6,491,392,22,20,1,1,1
2523,6,490,391,22,20,1,1,1
2524,6,489,389,22,20,1,1,1
2525,6,488,387,22,20,1,1,1
2526,6,487,386,22,20,1,1,1
2527,6,486,384,22,20,1,1,1
2528,6,486,383,22,20,1,1,1
2529,6,484,381,22,20,1,1,1
2530,6,482,380,22,20,1,1,1
2531,6,481,379,21,19,1,1,1
2532,6,479,378,21,19,1,1,1
2533,6,478,377,21,19,1,1,1
2534,6,476,376,21,19,1,1,1
2535,6,475,375,21,19,1,1,1
2536,6,473,374,22,19,1,1,1
2537,6,472,373,21,19,1,1,1
2538,6,470,372,22,19,1,1,1
2539,6,469,371,22,20,1,1,1
2540,6,466,369,22,20,1,1,1
2541,6,463,367,23,21,1,1,1
2542,6,460,365,23,21,1,1,1
2543,6,457,363,24,22,1,1,1
2544,6,454,361,24,22,1,1,1
2545,6,452,360,24,22,1,1,1
2546,6,449,356,24,22,1,1,1
2547,6,446,352,24,22,1,1,1
2548,6,443,348,24,22,1,1,1
2549,6,440,344,24,22,1,1,1
2550,6,437,340,24,22,1,1,1
2551,6,434,337,25,22,1,1,1
2552,6,431,336,25,22,1,1,1
2553,6,429,336,25,22,1,1,1
2554,6,427,336,25,22,1,1,1
2555,6,425,336,25,22,1,1,1
2556,6,422,335,25,22,1,1,1
2557,6,420,335,25,22,1,1,1
2558,6,418,335,25,22,1,1,1
2559,6,416,335,25,22,1,1,1
2560,6,413,334,25,23,1,1,1
2561,6,410,334,26,23,1,1,1
2562,6,407,334,27,24,1,1,1
2563,6,404,331,27,24,1,1,1
2564,6,401,328,28,25,1,1,1
2565,6,399,325,28,25,1,1,1
2566,6,396,323,28,25,1,1,1
2567,6,394,320,28,25,1,1,1
2568,6,391,317,29,26,1,1,1
2569,6,389,315,29,26,1,1,1
2570,6,386,311,29,26,1,1,1
2571,6,383,307,29,26,1,1,1
2572,6,380,303,29,26,1,1,1
2573,6,377,300,29,26,1,1,1
2574,6,372,296,29,26,1,1,1
2575,6,368,292,29,26,1,1,1
2576,6,363,289,29,26,1,1,1
2577,6,359,285,29,26,1,1,1
2578,6,354,281,29,26,1,1,1
2579,6,350,278,29,26,1,1,1
2580,6,344,276,30,27,1,1,1
2581,6,339,275,30,27,1,1,1
2582,6,334,274,30,27,1,1,1
2583,6,328,273,31,27,1,1,1
2584,6,323,272,31,27,1,1,1
2585,6,318,271,32,28,1,1,1
2586,6,315,269,32,29,1,1,1
2587,6,313,268,32,30,1,1,1
2588,6,310,267,33,30,1,1,1
2589,6,308,266,33,31,1,1,1
2590,6,308,266,33,31,1,1,1
2591,6,308,267,33,31,1,1,1
2592,6,309,268,32,31,1,1,1
2593,6,309,269,32,31,1,1,1
2594,6,310,270,32,31,1,1,1
2595,6,312,272,32,31,1,1,1
2596,6,314,275,32,31,1,1,1
2597,6,316,277,32,31,1,1,1
2598,6,318,280,32,31,1,1,1
2599,6,320,283,33,31,1,1,1
2600,6,321,284,33,31,1,1,1
2601,6,323,286,33,31,1,1,1
2602,6,325,288,33,31,1,1,1
2603,6,326,289,33,31,1,1,1
2604,6,328,291,33,31,1,1,1
2605,6,330,293,33,31,1,1,1
2606,6,330,293,33,31,1,1,1
2607,6,331,294,33,31,1,1,1
2608,6,332,295,33,31,1,1,1
2609,6,333,296,33,31,1,1,1
2610,6,331,296,33,31,1,1,1
2611,6,329,297,33,31,1,1,1
2612,6,327,298,33,31,1,1,1
2613,6,326,299,33,31,1,1,1
2614,6,324,300,33,31,1,1,1
2615,6,322,301,33,31,1,1,1
2616,6,321,302,33,31,1,1,1
2617,6,319,303,33,31,1,1,1
2618,6,317,304,33,31,1,1,1
2619,6,316,305,33,31,1,1,1
2620,6,314,305,33,31,1,1,1
2621,6,312,306,33,31,1,1,1
2622,6,311,307,32,31,1,1,1
2623,6,310,309,32,31,1,1,1
2624,6,309,311,32,31,1,1,1
2625,6,308,313,32,31,1,1,1
2626,6,308,313,32,31,1,1,1
2657,6,640,228,74,63,1,1,1
2658,6,640,225,73,63,1,1,1
2659,6,640,222,73,63,1,1,1
2660,6,640,219,73,63,1,1,1
2661,6,640,216,73,63,1,1,1
2662,6,640,213,73,63,1,1,1
2663,6,640,210,73,63,1,1,1
2664,6,640,208,73,62,1,1,1
2665,6,640,209,73,63,1,1,1
2666,6,640,211,73,63,1,1,1
2667,6,640,213,74,63,1,1,1
2668,6,639,214,74,63,1,1,1
2669,6,639,215,74,63,1,1,1
2670,6,638,217,74,62,1,1,1
2671,6,638,218,74,62,1,1,1
2672,6,638,220,74,62,1,1,1
2673,6,635,218,74,62,1,1,1
2674,6,632,216,74,62,1,1,1
2675,6,629,214,74,62,1,1,1
2676,6,626,212,74,62,1,1,1
2677,6,623,210,74,63,1,1,1
2678,6,615,202,74,63,1,1,1
2679,6,608,194,74,63,1,1,1
2680,6,601,187,74,63,1,1,1
2681,6,593,189,74,63,1,1,1
2682,6,586,191,74,63,1,1,1
2683,6,579,193,73,63,1,1,1
2684,6,572,195,73,63,1,1,1
2685,6,572,195,73,63,1,1,1
2686,6,248,346,33,28,1,1,1
2687,6,243,345,33,28,1,1,1
2688,6,238,344,33,28,1,1,1
2689,6,233,344,33,28,1,1,1
2690,6,228,343,33,28,1,1,1
2691,6,223,343,33,28,1,1,1
2692,6,218,342,33,28,1,1,1
2693,6,213,341,33,28,1,1,1
2694,6,208,341,33,28,1,1,1
2695,6,203,340,33,28,1,1,1
2696,6,199,340,33,28,1,1,1
2697,6,190,341,33,29,1,1,1
2698,6,181,343,33,29,1,1,1
2699,6,172,345,33,29,1,1,1
2700,6,163,347,34,30,1,1,1
2701,6,150,345,34,31,1,1,1
2702,6,137,344,35,31,1,1,1
2703,6,124,342,35,32,1,1,1
2704,6,111,341,36,32,1,1,1
2705,6,98,339,36,33,1,1,1
2706,6,86,338,36,33,1,1,1
2707,6,69,336,36,33,1,1,1
2708,6,52,334,36,34,1,1,1
2709,6,35,332,37,34,1,1,1
2710,6,18,330,37,35,1,1,1
2744,6,351,350,21,19,1,1,1
2745,6,348,347,21,20,1,1,1
2746,6,345,345,21,20,1,1,1
2747,6,342,343,21,20,1,1,1
2748,6,339,340,21,21,1,1,1
2749,6,336,338,21,21,1,1,1
2750,6,333,336,22,21,1,1,1
2751,6,328,332,22,22,1,1,1
2752,6,324,329,22,22,1,1,1
2753,6,319,326,22,22,1,1,1
2754,6,315,323,22,22,1,1,1
2755,6,308,319,22,23,1,1,1
2756,6,301,316,22,23,1,1,1
2757,6,294,313,23,23,1,1,1
2758,6,284,311,24,23,1,1,1
2759,6,275,310,25,23,1,1,1
2760,6,266,308,25,24,1,1,1
2761,6,257,307,26,24,1,1,1
2762,6,248,306,27,24,1,1,1
2763,6,235,304,28,25,1,1,1
2764,6,223,303,29,25,1,1,1
2765,6,210,302,30,25,1,1,1
2766,6,198,301,31,26,1,1,1
2767,6,183,299,32,26,1,1,1
2768,6,168,297,33,27,1,1,1
2769,6,153,296,35,26,1,1,1
2770,6,138,294,36,27,1,1,1
2771,6,124,293,37,27,1,1,1
2772,6,107,291,38,28,1,1,1
2773,6,90,289,39,29,1,1,1
2774,6,74,288,40,29,1,1,1
2775,6,56,285,40,29,1,1,1
2776,6,39,283,40,29,1,1,1
2777,6,21,281,40,29,1,1,1
2819,6,0,330,39,47,1,1,1
2820,6,13,328,39,46,1,1,1
2821,6,27,326,39,45,1,1,1
2822,6,41,324,38,45,1,1,1
2823,6,54,322,39,44,1,1,1
2824,6,68,320,38,43,1,1,1
2825,6,82,318,38,43,1,1,1
2826,6,95,320,38,42,1,1,1
2827,6,108,322,38,41,1,1,1
2828,6,121,324,38,40,1,1,1
2829,6,134,326,38,40,1,1,1
2830,6,146,326,38,39,1,1,1
2831,6,159,326,37,38,1,1,1
2832,6,171,326,37,38,1,1,1
2833,6,184,326,36,37,1,1,1
2834,6,197,326,36,37,1,1,1
2835,6,208,324,36,36,1,1,1
2836,6,219,322,36,35,1,1,1
2837,6,231,320,35,34,1,1,1
2838,6,242,318,35,33,1,1,1
2839,6,254,316,34,33,1,1,1
2840,6,264,316,34,33,1,1,1
2841,6,274,316,34,33,1,1,1
2842,6,285,316,34,33,1,1,1
2843,6,295,316,34,33,1,1,1
2844,6,305,316,34,33,1,1,1
2845,6,319,316,30,33,1,1,1
2947,6,0,267,70,67,1,1,1
2948,6,27,272,68,65,1,1,1
2949,6,54,277,66,63,1,1,1
2950,6,81,282,64,61,1,1,1
2951,6,108,288,62,59,1,1,1
2952,6,128,290,60,57,1,1,1
2953,6,148,293,58,54,1,1,1
2954,6,169,296,55,51,1,1,1
2955,6,189,299,53,48,1,1,1
2956,6,210,302,51,46,1,1,1
2957,6,224,303,48,44,1,1,1
2958,6,238,305,46,41,1,1,1
2959,6,252,306,44,40,1,1,1
2960,6,266,308,42,37,1,1,1
2961,6,281,310,39,35,1,1,1
2962,6,290,312,39,34,1,1,1
2963,6,300,314,38,34,1,1,1
2964,6,310,316,37,33,1,1,1
2965,6,320,319,36,32,1,1,1
2966,6,329,321,36,32,1,1,1
2967,6,339,323,35,31,1,1,1
2968,6,349,325,34,31,1,1,1
2969,6,359,328,34,30,1,1,1
2970,6,364,327,34,30,1,1,1
2971,6,370,327,33,29,1,1,1
2972,6,376,327,32,28,1,1,1
2973,6,382,327,32,28,1,1,1
2974,6,388,327,31,27,1,1,1
2975,6,394,327,30,26,1,1,1
2976,6,400,327,30,26,1,1,1
2977,6,404,328,29,26,1,1,1
2978,6,408,330,29,25,1,1,1
2979,6,412,331,28,25,1,1,1
2980,6,416,333,28,24,1,1,1
2981,6,420,334,27,24,1,1,1
2982,6,420,334,27,24,1,1,1
3040,6,56,382,53,45,1,1,1
3041,6,81,381,52,44,1,1,1
3042,6,107,381,50,42,1,1,1
3043,6,133,380,49,41,1,1,1
3044,6,159,380,47,39,1,1,1
3045,6,185,379,45,38,1,1,1
3046,6,211,379,44,37,1,1,1
3047,6,229,378,43,36,1,1,1
3048,6,248,378,41,35,1,1,1
3049,6,266,378,40,34,1,1,1
3050,6,285,378,38,32,1,1,1
3051,6,303,378,37,31,1,1,1
3052,6,322,378,35,30,1,1,1
3053,6,334,377,35,29,1,1,1
3054,6,347,377,34,28,1,1,1
3055,6,360,376,33,28,1,1,1
3056,6,373,376,32,27,1,1,1
3057,6,382,375,31,26,1,1,1
3058,6,391,374,31,26,1,1,1
3059,6,400,373,30,25,1,1,1
3060,6,410,373,29,24,1,1,1
3061,6,417,373,28,24,1,1,1
3062,6,424,374,27,23,1,1,1
3063,6,431,375,27,23,1,1,1
3064,6,435,375,27,23,1,1,1
3065,6,440,375,26,23,1,1,1
3066,6,444,376,26,22,1,1,1
3067,6,449,376,25,22,1,1,1
3068,6,453,377,25,21,1,1,1
3069,6,458,377,24,21,1,1,1
3070,6,463,378,23,20,1,1,1
3071,6,465,378,23,20,1,1,1
3072,6,468,378,23,20,1,1,1
3073,6,471,379,23,20,1,1,1
3074,6,473,379,23,20,1,1,1
3075,6,476,380,23,20,1,1,1
3076,6,479,380,23,20,1,1,1
3077,6,481,380,23,20,1,1,1
3078,6,484,381,23,20,1,1,1
3079,6,487,381,23,20,1,1,1
3080,6,490,382,23,20,1,1,1
3081,6,490,382,23,20,1,1,1
3082,6,491,383,23,20,1,1,1
3083,6,492,383,23,20,1,1,1
3084,6,493,384,23,20,1,1,1
3085,6,494,384,23,20,1,1,1
3086,6,494,385,23,20,1,1,1
3087,6,495,385,23,20,1,1,1
3088,6,496,386,23,20,1,1,1
3089,6,497,386,23,20,1,1,1
3090,6,498,387,23,20,1,1,1
3091,6,498,387,23,20,1,1,1
3092,6,499,387,23,20,1,1,1
3093,6,500,387,23,20,1,1,1
3094,6,501,387,23,20,1,1,1
3095,6,501,387,23,20,1,1,1
3157,6,462,382,25,23,1,1,1
3158,6,460,381,25,23,1,1,1
3159,6,459,380,25,23,1,1,1
3160,6,458,380,25,23,1,1,1
3161,6,456,379,25,23,1,1,1
3162,6,455,379,25,23,1,1,1
3163,6,454,378,25,23,1,1,1
3164,6,452,377,25,23,1,1,1
3165,6,451,377,25,23,1,1,1
3166,6,450,376,25,23,1,1,1
3167,6,449,376,25,23,1,1,1
3168,6,447,375,25,23,1,1,1
3169,6,446,374,25,23,1,1,1
3170,6,444,373,25,23,1,1,1
3171,6,443,372,25,23,1,1,1
3172,6,441,371,25,23,1,1,1
3173,6,440,370,25,23,1,1,1
3174,6,438,369,25,23,1,1,1
3175,6,437,368,25,23,1,1,1
3176,6,435,367,25,23,1,1,1
3177,6,434,367,25,23,1,1,1
3178,6,433,366,25,23,1,1,1
3179,6,432,366,25,22,1,1,1
3180,6,431,365,25,23,1,1,1
3181,6,431,365,24,22,1,1,1
3182,6,430,364,24,23,1,1,1
3183,6,429,364,24,22,1,1,1
3184,6,429,364,24,22,1,1,1
3185,6,428,364,24,22,1,1,1
3186,6,427,364,25,23,1,1,1
3187,6,427,365,25,23,1,1,1
3188,6,426,365,25,23,1,1,1
3189,6,426,365,24,23,1,1,1
3190,6,425,365,25,23,1,1,1
3191,6,425,365,24,23,1,1,1
3192,6,424,365,25,23,1,1,1
3193,6,424,365,24,23,1,1,1
3194,6,423,365,24,23,1,1,1
3195,6,423,365,24,23,1,1,1
3196,6,422,365,24,23,1,1,1
3197,6,422,365,24,23,1,1,1
3198,6,421,364,24,23,1,1,1
3199,6,420,363,24,23,1,1,1
3200,6,419,362,24,23,1,1,1
3201,6,418,361,24,23,1,1,1
3202,6,417,360,24,23,1,1,1
3203,6,416,359,24,23,1,1,1
3204,6,415,358,24,23,1,1,1
3205,6,414,357,24,23,1,1,1
3206,6,413,356,24,23,1,1,1
3207,6,412,355,25,23,1,1,1
3208,6,411,353,24,23,1,1,1
3209,6,410,352,24,23,1,1,1
3210,6,409,351,24,23,1,1,1
3211,6,408,350,24,22,1,1,1
3212,6,407,349,24,22,1,1,1
3213,6,406,348,24,22,1,1,1
3214,6,406,347,24,22,1,1,1
3215,6,406,346,25,23,1,1,1
3216,6,406,345,25,23,1,1,1
3217,6,406,345,25,23,1,1,1
3287,6,222,243,48,42,1,1,1
3288,6,220,242,48,42,1,1,1
3289,6,219,242,48,42,1,1,1
3290,6,218,242,48,41,1,1,1
3291,6,217,241,47,42,1,1,1
3292,6,216,241,47,41,1,1,1
3293,6,215,241,47,41,1,1,1
3294,6,213,242,47,41,1,1,1
3295,6,211,243,47,41,1,1,1
3296,6,209,244,47,41,1,1,1
3297,6,207,245,48,42,1,1,1
3298,6,204,246,48,42,1,1,1
3299,6,201,247,48,43,1,1,1
3300,6,198,249,49,43,1,1,1
3301,6,195,250,49,44,1,1,1
3302,6,193,252,49,44,1,1,1
3303,6,187,253,49,45,1,1,1
3304,6,181,255,49,45,1,1,1
3305,6,175,257,49,45,1,1,1
3306,6,169,259,49,45,1,1,1
3307,6,164,261,49,46,1,1,1
3308,6,151,261,51,48,1,1,1
3309,6,139,261,52,50,1,1,1
3310,6,127,261,53,52,1,1,1
3311,6,114,261,55,54,1,1,1
3312,6,102,261,56,56,1,1,1
3313,6,90,261,58,59,1,1,1
3314,6,68,260,59,61,1,1,1
3315,6,46,260,60,63,1,1,1
3316,6,24,260,61,65,1,1,1
3392,6,517,405,11,12,1,1,1
3393,6,516,404,11,12,1,1,1
3394,6,515,404,11,12,1,1,1
3395,6,514,404,12,12,1,1,1
3396,6,513,404,12,12,1,1,1
3397,6,513,404,12,12,1,1,1
3398,6,512,403,12,12,1,1,1
3399,6,511,403,12,12,1,1,1
3400,6,510,403,13,12,1,1,1
3401,6,509,403,13,12,1,1,1
3402,6,509,403,13,12,1,1,1
3403,6,505,402,13,12,1,1,1
3404,6,501,402,14,12,1,1,1
3405,6,498,401,14,13,1,1,1
3406,6,494,401,15,13,1,1,1
3407,6,491,401,15,13,1,1,1
3408,6,486,399,15,14,1,1,1
3409,6,481,398,16,14,1,1,1
3410,6,477,397,15,14,1,1,1
3411,6,472,396,16,14,1,1,1
3412,6,468,395,16,14,1,1,1
3413,6,460,393,17,15,1,1,1
3414,6,453,391,17,16,1,1,1
3415,6,445,389,18,17,1,1,1
3416,6,438,387,18,18,1,1,1
3417,6,427,386,19,19,1,1,1
3418,6,417,385,20,20,1,1,1
3419,6,406,384,21,21,1,1,1
3420,6,396,384,22,21,1,1,1
3421,6,378,383,24,22,1,1,1
3422,6,360,382,26,24,1,1,1
3423,6,342,381,28,25,1,1,1
3424,6,325,381,29,26,1,1,1
3425,6,297,380,31,27,1,1,1
3426,6,269,379,33,28,1,1,1
3427,6,242,378,35,29,1,1,1
3428,6,214,377,37,30,1,1,1
3429,6,187,376,39,32,1,1,1
3430,6,148,374,41,33,1,1,1
3431,6,110,373,42,34,1,1,1
3432,6,71,371,44,35,1,1,1
3483,6,8,344,47,43,1,1,1
3484,6,34,344,45,42,1,1,1
3485,6,60,344,43,41,1,1,1
3486,6,86,345,41,40,1,1,1
3487,6,112,345,39,39,1,1,1
3488,6,138,346,38,38,1,1,1
3489,6,159,346,37,36,1,1,1
3490,6,181,346,35,35,1,1,1
3491,6,202,346,34,34,1,1,1
3492,6,224,346,32,33,1,1,1
3493,6,246,346,31,32,1,1,1
3494,6,260,347,30,31,1,1,1
3495,6,274,348,30,30,1,1,1
3496,6,288,349,29,29,1,1,1
3497,6,302,350,29,28,1,1,1
3498,6,316,351,28,27,1,1,1
3499,6,316,351,28,27,1,1,1
3572,6,330,355,32,35,1,1,1
3573,6,323,352,32,35,1,1,1
3574,6,317,349,32,35,1,1,1
3575,6,310,346,32,35,1,1,1
3576,6,304,343,32,35,1,1,1
3577,6,298,340,32,35,1,1,1
3578,6,291,337,32,35,1,1,1
3579,6,285,334,32,35,1,1,1
3580,6,278,331,32,35,1,1,1
3581,6,272,328,32,35,1,1,1
3582,6,266,326,32,35,1,1,1
3583,6,254,323,33,35,1,1,1
3584,6,243,320,33,35,1,1,1
3585,6,232,317,34,36,1,1,1
3586,6,220,314,35,36,1,1,1
3587,6,209,311,35,36,1,1,1
3588,6,198,308,36,37,1,1,1
3589,6,182,304,37,37,1,1,1
3590,6,167,301,37,37,1,1,1
3591,6,152,297,37,38,1,1,1
3592,6,137,294,38,38,1,1,1
3593,6,114,291,40,38,1,1,1
3594,6,92,288,41,39,1,1,1
3595,6,70,286,43,39,1,1,1
3596,6,47,283,45,40,1,1,1
3597,6,25,280,46,41,1,1,1
3669,6,967,363,164,149,1,1,1
3670,6,991,365,161,149,1,1,1
3671,6,1015,367,158,149,1,1,1
3672,6,1039,369,156,149,1,1,1
3673,6,1063,372,153,148,1,1,1
3674,6,1087,374,151,148,1,1,1
3675,6,1111,376,148,148,1,1,1
3676,6,1138,371,141,159,1,1,1
3677,6,1152,376,128,160,1,1,1
3678,6,1170,374,110,165,1,1,1
3679,6,1187,372,93,162,1,1,1
3735,6,1,345,112,111,1,1,1
3736,6,4,345,112,111,1,1,1
3737,6,7,345,112,111,1,1,1
3738,6,11,346,112,111,1,1,1
3739,6,14,346,112,111,1,1,1
3740,6,18,347,112,111,1,1,1
3741,6,21,347,112,111,1,1,1
3742,6,24,347,112,111,1,1,1
3743,6,28,348,112,111,1,1,1
3744,6,31,348,112,111,1,1,1
3745,6,35,349,112,111,1,1,1
3746,6,35,349,112,111,1,1,1
3747,6,36,349,112,111,1,1,1
3748,6,37,349,112,111,1,1,1
3749,6,38,349,112,111,1,1,1
3750,6,39,349,112,111,1,1,1
3751,6,40,349,112,111,1,1,1
3752,6,41,349,112,111,1,1,1
3753,6,42,349,112,111,1,1,1
3754,6,43,349,112,111,1,1,1
3755,6,44,349,112,111,1,1,1
3756,6,43,350,112,111,1,1,1
3757,6,42,352,112,111,1,1,1
3758,6,41,354,112,111,1,1,1
3759,6,41,356,112,111,1,1,1
3760,6,40,358,112,111,1,1,1
3761,6,39,360,112,111,1,1,1
3762,6,39,362,112,111,1,1,1
3763,6,38,364,112,111,1,1,1
3764,6,37,366,112,111,1,1,1
3765,6,37,368,112,111,1,1,1
3766,6,32,371,112,111,1,1,1
3767,6,28,375,112,111,1,1,1
3768,6,23,378,112,111,1,1,1
3769,6,19,382,112,111,1,1,1
3770,6,14,385,112,111,1,1,1
3771,6,10,389,112,111,1,1,1
3772,6,7,391,112,111,1,1,1
3773,6,4,393,112,111,1,1,1
3774,6,1,395,112,111,1,1,1
3775,6,1,394,112,111,1,1,1
3776,6,1,393,112,111,1,1,1
3777,6,1,386,94,135,1,1,1
3778,6,1,388,93,133,1,1,1
3779,6,1,391,88,128,1,1,1
3780,6,1,385,84,134,1,1,1
3781,6,1,379,80,133,1,1,1
3782,6,1,382,78,128,1,1,1
3783,6,1,379,72,134,1,1,1
3784,6,1,379,65,134,1,1,1
3869,6,403,376,26,26,1,1,1
3870,6,405,376,26,26,1,1,1
3871,6,407,376,26,26,1,1,1
3872,6,409,376,26,26,1,1,1
3873,6,411,376,26,26,1,1,1
3874,6,413,376,26,26,1,1,1
3875,6,415,376,26,26,1,1,1
3876,6,417,376,26,26,1,1,1
3877,6,419,376,26,26,1,1,1
3878,6,421,376,26,26,1,1,1
3879,6,424,376,26,26,1,1,1
3880,6,426,375,26,26,1,1,1
3881,6,428,375,26,26,1,1,1
3882,6,431,375,26,26,1,1,1
3883,6,433,375,26,26,1,1,1
3884,6,436,375,26,26,1,1,1
3885,6,438,375,26,26,1,1,1
3886,6,440,375,26,26,1,1,1
3887,6,443,375,26,26,1,1,1
3888,6,445,375,26,26,1,1,1
3889,6,448,375,26,26,1,1,1
3890,6,449,374,26,26,1,1,1
3891,6,450,374,26,26,1,1,1
3892,6,451,374,26,26,1,1,1
3893,6,452,374,26,26,1,1,1
3894,6,453,374,26,26,1,1,1
3895,6,452,373,26,26,1,1,1
3896,6,452,372,26,26,1,1,1
3897,6,451,371,26,26,1,1,1
3898,6,451,370,26,26,1,1,1
3899,6,451,370,26,26,1,1,1
3900,6,448,368,25,26,1,1,1
3901,6,445,367,25,26,1,1,1
3902,6,442,365,25,26,1,1,1
3903,6,439,364,25,26,1,1,1
3904,6,436,362,25,26,1,1,1
3905,6,433,361,25,26,1,1,1
3906,6,430,361,25,26,1,1,1
3907,6,427,361,25,26,1,1,1
3908,6,424,361,25,26,1,1,1
3909,6,421,362,26,26,1,1,1
3910,6,418,361,26,26,1,1,1
3911,6,416,360,26,26,1,1,1
3912,6,414,360,26,25,1,1,1
3913,6,412,359,26,25,1,1,1
3914,6,410,359,26,25,1,1,1
3915,6,409,357,26,26,1,1,1
3916,6,409,356,26,26,1,1,1
3917,6,408,355,26,26,1,1,1
3918,6,408,354,26,26,1,1,1
3919,6,408,353,26,26,1,1,1
3920,6,408,353,26,26,1,1,1
3921,6,408,353,26,26,1,1,1
3922,6,408,353,26,26,1,1,1
3923,6,408,353,26,26,1,1,1
3924,6,408,353,26,26,1,1,1
3925,6,408,353,26,26,1,1,1
3926,6,409,352,26,26,1,1,1
3927,6,410,351,26,26,1,1,1
3928,6,411,350,26,26,1,1,1
3929,6,412,349,26,26,1,1,1
3930,6,413,348,26,26,1,1,1
3931,6,414,348,26,26,1,1,1
3932,6,415,347,26,26,1,1,1
3933,6,416,347,26,26,1,1,1
3934,6,418,347,26,26,1,1,1
3935,6,419,347,26,26,1,1,1
3936,6,420,347,26,26,1,1,1
3937,6,422,348,26,26,1,1,1
3938,6,423,348,26,26,1,1,1
3939,6,425,349,26,26,1,1,1
3940,6,427,348,26,26,1,1,1
3941,6,429,348,26,26,1,1,1
3942,6,431,348,26,26,1,1,1
3943,6,433,347,26,26,1,1,1
3944,6,435,347,26,26,1,1,1
3945,6,437,347,26,26,1,1,1
3946,6,439,346,26,26,1,1,1
3947,6,441,346,26,26,1,1,1
3948,6,443,346,26,26,1,1,1
3949,6,445,346,26,26,1,1,1
3950,6,445,345,26,26,1,1,1
3951,6,446,345,26,26,1,1,1
3952,6,447,345,26,26,1,1,1
3953,6,448,345,26,25,1,1,1
3954,6,449,345,26,25,1,1,1
3955,6,450,345,26,25,1,1,1
3956,6,451,345,26,25,1,1,1
3957,6,453,343,26,25,1,1,1
3958,6,455,341,26,25,1,1,1
3959,6,457,339,26,26,1,1,1
3960,6,457,339,26,27,1,1,1
3961,6,457,340,27,27,1,1,1
3962,6,457,341,27,27,1,1,1
3963,6,458,341,27,28,1,1,1
3964,6,458,342,28,28,1,1,1
3965,6,458,343,28,28,1,1,1
3966,6,459,343,28,29,1,1,1
3967,6,459,344,28,29,1,1,1
3968,6,459,345,29,29,1,1,1
3969,6,460,346,29,29,1,1,1
3970,6,461,345,29,29,1,1,1
3971,6,462,345,29,29,1,1,1
3972,6,463,344,29,29,1,1,1
3973,6,464,344,29,29,1,1,1
3974,6,465,342,29,29,1,1,1
3975,6,466,341,29,29,1,1,1
3976,6,467,340,29,29,1,1,1
3977,6,468,339,29,29,1,1,1
3978,6,469,338,29,29,1,1,1
3979,6,471,337,29,29,1,1,1
3980,6,470,336,29,29,1,1,1
3981,6,469,336,29,29,1,1,1
3982,6,468,336,29,29,1,1,1
3983,6,467,336,29,29,1,1,1
3984,6,467,336,29,29,1,1,1
4030,6,1,308,64,98,1,1,1
4031,6,1,304,69,92,1,1,1
4032,6,1,303,83,87,1,1,1
4033,6,10,299,83,86,1,1,1
4034,6,20,296,82,84,1,1,1
4035,6,30,293,82,82,1,1,1
4036,6,40,290,81,81,1,1,1
4037,6,50,287,81,79,1,1,1
4038,6,60,283,80,78,1,1,1
4039,6,70,280,80,76,1,1,1
4040,6,80,277,79,75,1,1,1
4041,6,90,274,79,73,1,1,1
4042,6,100,271,78,71,1,1,1
4043,6,100,271,78,71,1,1,1
4144,6,15,323,55,55,1,1,1
4145,6,51,327,53,53,1,1,1
4146,6,87,331,51,51,1,1,1
4147,6,124,336,49,48,1,1,1
4148,6,151,340,47,45,1,1,1
4149,6,178,344,45,43,1,1,1
4150,6,206,348,43,41,1,1,1
4151,6,233,352,41,39,1,1,1
4152,6,261,357,39,36,1,1,1
4153,6,279,360,38,34,1,1,1
4154,6,297,363,37,33,1,1,1
4155,6,315,366,36,32,1,1,1
4156,6,328,368,35,31,1,1,1
4157,6,341,370,34,31,1,1,1
4158,6,355,373,33,30,1,1,1
4159,6,364,375,31,28,1,1,1
4160,6,373,377,30,27,1,1,1
4161,6,382,379,29,26,1,1,1
4162,6,391,381,28,25,1,1,1
4163,6,394,382,28,24,1,1,1
4164,6,398,383,28,24,1,1,1
4165,6,402,384,27,24,1,1,1
4166,6,406,385,27,24,1,1,1
4167,6,408,385,26,24,1,1,1
4168,6,410,386,25,23,1,1,1
4169,6,412,387,25,23,1,1,1
4170,6,414,388,24,22,1,1,1
4171,6,416,388,23,22,1,1,1
4172,6,418,389,23,22,1,1,1
4173,6,420,390,22,21,1,1,1
4174,6,422,391,22,21,1,1,1
4175,6,422,391,22,21,1,1,1
4176,6,423,392,22,21,1,1,1
4177,6,424,392,22,21,1,1,1
4178,6,425,393,22,21,1,1,1
4179,6,426,393,22,21,1,1,1
4180,6,427,394,22,21,1,1,1
4181,6,427,394,22,21,1,1,1
4182,6,428,395,22,21,1,1,1
4183,6,429,395,22,21,1,1,1
4184,6,430,396,22,21,1,1,1
4185,6,431,396,22,21,1,1,1
4186,6,432,397,22,21,1,1,1
4187,6,432,397,22,21,1,1,1
4188,6,433,398,22,21,1,1,1
4189,6,434,398,22,21,1,1,1
4190,6,435,399,22,21,1,1,1
4191,6,436,399,22,21,1,1,1
4192,6,437,400,22,21,1,1,1
4193,6,437,400,22,21,1,1,1
4194,6,438,401,22,21,1,1,1
4195,6,439,401,22,21,1,1,1
4196,6,440,402,22,21,1,1,1
4197,6,441,402,22,21,1,1,1
4198,6,442,403,22,21,1,1,1
4199,6,442,403,22,21,1,1,1
4200,6,443,404,22,21,1,1,1
4201,6,444,404,22,21,1,1,1
4202,6,445,405,22,21,1,1,1
4203,6,446,405,22,21,1,1,1
4204,6,447,406,22,21,1,1,1
4205,6,447,406,22,21,1,1,1
4206,6,447,406,22,21,1,1,1
4207,6,448,406,22,21,1,1,1
4208,6,448,406,22,21,1,1,1
4209,6,449,406,22,21,1,1,1
4210,6,449,406,22,21,1,1,1
4211,6,449,406,22,21,1,1,1
4212,6,450,406,22,21,1,1,1
4213,6,450,406,22,21,1,1,1
4214,6,451,407,22,21,1,1,1
4215,6,452,407,22,21,1,1,1
4216,6,453,407,22,21,1,1,1
4217,6,455,407,21,21,1,1,1
4218,6,456,407,21,21,1,1,1
4219,6,456,407,21,21,1,1,1
4287,6,1,250,83,88,1,1,1
4288,6,8,249,84,87,1,1,1
4289,6,17,248,84,86,1,1,1
4290,6,25,247,84,85,1,1,1
4291,6,34,246,84,84,1,1,1
4292,6,43,246,83,82,1,1,1
4293,6,51,245,84,81,1,1,1
4294,6,60,244,83,80,1,1,1
4295,6,68,243,84,79,1,1,1
4296,6,77,242,83,78,1,1,1
4297,6,86,242,83,77,1,1,1
4298,6,92,243,82,76,1,1,1
4299,6,98,244,81,75,1,1,1
4300,6,104,245,80,74,1,1,1
4301,6,110,246,79,73,1,1,1
4302,6,116,247,79,72,1,1,1
4303,6,122,248,78,71,1,1,1
4304,6,128,249,77,70,1,1,1
4305,6,134,250,76,69,1,1,1
4306,6,140,251,75,68,1,1,1
4307,6,147,253,74,67,1,1,1
4308,6,149,251,73,67,1,1,1
4309,6,152,250,72,66,1,1,1
4310,6,154,248,72,66,1,1,1
4311,6,157,247,70,65,1,1,1
4312,6,160,245,69,65,1,1,1
4313,6,162,244,69,64,1,1,1
4314,6,165,242,67,64,1,1,1
4315,6,167,241,67,63,1,1,1
4316,6,170,239,66,63,1,1,1
4317,6,173,238,65,62,1,1,1
4318,6,172,238,65,62,1,1,1
4319,6,172,238,65,62,1,1,1
4320,6,172,238,65,62,1,1,1
4321,6,171,239,65,62,1,1,1
4322,6,171,239,65,62,1,1,1
4323,6,171,239,65,62,1,1,1
4324,6,170,240,65,62,1,1,1
4325,6,170,240,65,62,1,1,1
4326,6,170,240,65,62,1,1,1
4327,6,170,241,65,62,1,1,1
4328,6,169,241,65,62,1,1,1
4329,6,168,242,65,62,1,1,1
4330,6,167,243,65,62,1,1,1
4331,6,167,244,65,62,1,1,1
4332,6,166,245,65,62,1,1,1
4333,6,165,245,65,62,1,1,1
4334,6,165,246,65,62,1,1,1
4335,6,164,247,65,62,1,1,1
4336,6,163,248,65,62,1,1,1
4337,6,163,249,65,62,1,1,1
4338,6,163,248,65,62,1,1,1
4339,6,164,247,65,62,1,1,1
4340,6,165,246,65,62,1,1,1
4341,6,166,246,65,62,1,1,1
4342,6,169,242,65,62,1,1,1
4343,6,172,238,65,62,1,1,1
4344,6,176,235,65,62,1,1,1
4345,6,179,231,65,62,1,1,1
4346,6,183,228,65,62,1,1,1
4347,6,189,226,65,61,1,1,1
4348,6,195,225,65,60,1,1,1
4349,6,202,224,64,59,1,1,1
4350,6,208,222,64,59,1,1,1
4351,6,214,221,64,58,1,1,1
4352,6,221,220,63,56,1,1,1
4353,6,227,219,63,55,1,1,1
4354,6,233,217,63,55,1,1,1
4355,6,240,216,62,54,1,1,1
4356,6,246,215,62,53,1,1,1
4357,6,253,214,61,52,1,1,1
4358,6,258,214,61,51,1,1,1
4359,6,264,214,60,51,1,1,1
4360,6,269,214,60,50,1,1,1
4361,6,275,214,59,50,1,1,1
4362,6,281,214,58,50,1,1,1
4363,6,286,215,57,50,1,1,1
4364,6,291,217,57,49,1,1,1
4365,6,297,219,55,49,1,1,1
4366,6,302,221,55,48,1,1,1
4367,6,308,223,54,48,1,1,1
4368,6,311,224,53,47,1,1,1
4369,6,315,225,52,47,1,1,1
4370,6,318,226,52,46,1,1,1
4371,6,322,227,51,46,1,1,1
4372,6,325,228,51,45,1,1,1
4373,6,329,229,50,45,1,1,1
4374,6,331,229,49,45,1,1,1
4375,6,334,230,48,44,1,1,1
4376,6,336,231,47,43,1,1,1
4377,6,339,232,46,42,1,1,1
4378,6,339,233,46,42,1,1,1
4379,6,339,234,46,42,1,1,1
4380,6,340,235,46,42,1,1,1
4381,6,340,236,46,42,1,1,1
4382,6,340,237,46,42,1,1,1
4383,6,341,239,46,42,1,1,1
4384,6,340,238,46,42,1,1,1
4385,6,339,238,46,42,1,1,1
4386,6,338,238,46,42,1,1,1
4387,6,337,238,46,42,1,1,1
4388,6,335,236,46,42,1,1,1
4389,6,334,234,46,42,1,1,1
4390,6,333,232,46,42,1,1,1
4391,6,331,231,46,42,1,1,1
4392,6,330,229,46,42,1,1,1
4393,6,329,227,46,42,1,1,1
4394,6,327,226,46,42,1,1,1
4395,6,326,224,46,42,1,1,1
4396,6,325,222,46,42,1,1,1
4397,6,325,222,46,42,1,1,1
4409,6,1,320,78,120,1,1,1
4410,6,1,322,81,121,1,1,1
4411,6,1,339,98,103,1,1,1
4412,6,8,339,96,100,1,1,1
4413,6,16,339,94,98,1,1,1
4414,6,25,339,91,96,1,1,1
4415,6,40,338,88,93,1,1,1
4416,6,55,337,86,90,1,1,1
4417,6,70,336,84,88,1,1,1
4418,6,85,335,82,85,1,1,1
4419,6,100,334,80,83,1,1,1
4420,6,115,333,78,80,1,1,1
4421,6,131,333,75,77,1,1,1
4422,6,144,332,74,75,1,1,1
4423,6,158,331,73,74,1,1,1
4424,6,172,330,71,73,1,1,1
4425,6,186,330,70,71,1,1,1
4426,6,200,329,68,70,1,1,1
4427,6,214,328,67,69,1,1,1
4428,6,228,328,66,67,1,1,1
4429,6,239,329,64,65,1,1,1
4430,6,250,330,63,64,1,1,1
4431,6,262,331,61,63,1,1,1
4432,6,272,332,59,61,1,1,1
4433,6,282,334,57,59,1,1,1
4434,6,292,335,55,57,1,1,1
4435,6,302,337,53,55,1,1,1
4436,6,312,339,51,52,1,1,1
4437,6,322,340,49,51,1,1,1
4438,6,332,342,47,48,1,1,1
4439,6,342,343,45,47,1,1,1
4440,6,352,345,43,44,1,1,1
4441,6,363,347,41,42,1,1,1
4442,6,371,348,40,40,1,1,1
4443,6,379,349,39,39,1,1,1
4444,6,388,350,38,38,1,1,1
4445,6,396,351,37,37,1,1,1
4446,6,404,352,36,36,1,1,1
4447,6,413,353,35,35,1,1,1
4448,6,420,353,34,34,1,1,1
4449,6,427,353,33,33,1,1,1
4450,6,434,353,32,32,1,1,1
4451,6,442,354,30,30,1,1,1
4452,6,447,354,30,29,1,1,1
4453,6,453,355,29,28,1,1,1
4454,6,459,356,28,27,1,1,1
4455,6,464,356,28,27,1,1,1
4456,6,470,357,27,26,1,1,1
4457,6,476,358,26,24,1,1,1
4458,6,481,358,26,24,1,1,1
4459,6,487,359,25,23,1,1,1
4460,6,493,360,24,22,1,1,1
4461,6,493,360,24,22,1,1,1
4462,6,378,209,46,36,1,1,1
4463,6,377,208,46,36,1,1,1
4464,6,377,207,46,36,1,1,1
4465,6,377,207,46,36,1,1,1
4466,6,376,206,46,36,1,1,1
4467,6,376,205,46,36,1,1,1
4468,6,376,205,46,36,1,1,1
4469,6,375,204,46,36,1,1,1
4470,6,375,203,46,36,1,1,1
4471,6,375,203,46,36,1,1,1
4472,6,374,202,46,36,1,1,1
4473,6,374,201,46,36,1,1,1
4474,6,374,201,46,36,1,1,1
4475,6,373,200,46,36,1,1,1
4476,6,373,200,46,36,1,1,1
4477,6,372,199,46,36,1,1,1
4478,6,372,199,46,36,1,1,1
4479,6,371,199,46,36,1,1,1
4480,6,371,198,46,36,1,1,1
4481,6,370,198,46,36,1,1,1
4482,6,370,197,46,36,1,1,1
4483,6,369,197,46,36,1,1,1
4484,6,369,197,46,36,1,1,1
4485,6,368,196,46,36,1,1,1
4486,6,368,196,46,36,1,1,1
4487,6,368,196,46,36,1,1,1
4488,6,367,196,46,36,1,1,1
4489,6,367,196,46,36,1,1,1
4490,6,367,195,46,36,1,1,1
4491,6,366,195,46,36,1,1,1
4492,6,366,195,46,36,1,1,1
4493,6,366,195,46,36,1,1,1
4494,6,366,195,46,36,1,1,1
4495,6,365,194,46,36,1,1,1
4496,6,365,194,46,36,1,1,1
4497,6,364,193,46,36,1,1,1
4498,6,364,193,46,36,1,1,1
4499,6,363,193,46,36,1,1,1
4500,6,363,192,46,36,1,1,1
4501,6,362,192,46,36,1,1,1
4502,6,362,191,46,36,1,1,1
4503,6,361,191,46,36,1,1,1
4504,6,361,191,46,36,1,1,1
4505,6,360,191,45,35,1,1,1
4506,6,359,191,45,35,1,1,1
4507,6,358,191,45,35,1,1,1
4508,6,357,191,45,35,1,1,1
4509,6,356,191,45,35,1,1,1
4510,6,356,190,45,35,1,1,1
4511,6,356,189,45,36,1,1,1
4512,6,356,189,46,35,1,1,1
4513,6,356,188,46,36,1,1,1
4514,6,357,188,46,36,1,1,1
4515,6,356,187,46,36,1,1,1
4516,6,356,187,46,36,1,1,1
4517,6,356,186,46,36,1,1,1
4518,6,355,186,46,36,1,1,1
4519,6,355,186,46,36,1,1,1
4520,6,355,185,46,36,1,1,1
4521,6,354,185,46,36,1,1,1
4522,6,354,184,46,36,1,1,1
4523,6,354,184,46,36,1,1,1
4524,6,354,184,46,36,1,1,1
4525,6,353,183,46,36,1,1,1
4526,6,353,182,46,37,1,1,1
4527,6,352,182,46,37,1,1,1
4528,6,352,181,46,37,1,1,1
4529,6,352,181,45,37,1,1,1
4530,6,351,180,46,38,1,1,1
4531,6,351,179,45,38,1,1,1
4532,6,350,179,46,38,1,1,1
4533,6,350,178,45,39,1,1,1
4534,6,350,178,45,39,1,1,1
4535,6,349,178,45,39,1,1,1
4536,6,348,178,45,39,1,1,1
4537,6,347,178,45,39,1,1,1
4538,6,347,178,45,39,1,1,1
