59,5,1006,258,29,34,1,1,1
60,5,1010,256,29,34,1,1,1
61,5,1015,255,29,34,1,1,1
62,5,1020,254,29,34,1,1,1
63,5,1025,253,29,34,1,1,1
64,5,1030,252,29,34,1,1,1
65,5,1034,250,29,34,1,1,1
66,5,1039,249,29,34,1,1,1
67,5,1044,248,29,34,1,1,1
68,5,1049,247,29,34,1,1,1
69,5,1054,246,29,34,1,1,1
70,5,1054,244,29,34,1,1,1
71,5,1055,243,29,34,1,1,1
72,5,1055,242,30,34,1,1,1
73,5,1056,241,29,34,1,1,1
74,5,1056,240,30,34,1,1,1
75,5,1057,239,30,34,1,1,1
76,5,1057,237,29,34,1,1,1
77,5,1057,236,29,34,1,1,1
78,5,1057,234,29,34,1,1,1
79,5,1057,233,29,34,1,1,1
80,5,1058,234,29,34,1,1,1
81,5,1060,235,29,34,1,1,1
82,5,1061,236,29,34,1,1,1
83,5,1063,237,29,34,1,1,1
84,5,1065,238,29,34,1,1,1
85,5,1066,239,29,34,1,1,1
86,5,1068,240,29,34,1,1,1
87,5,1069,241,29,34,1,1,1
88,5,1071,242,29,34,1,1,1
89,5,1073,243,29,34,1,1,1
90,5,1074,244,29,34,1,1,1
91,5,1076,245,29,34,1,1,1
92,5,1077,246,29,34,1,1,1
93,5,1079,247,29,34,1,1,1
94,5,1081,248,29,34,1,1,1
95,5,1082,249,29,34,1,1,1
96,5,1084,250,29,34,1,1,1
97,5,1085,251,29,34,1,1,1
98,5,1087,252,29,34,1,1,1
99,5,1089,253,29,34,1,1,1
100,5,1087,254,29,34,1,1,1
101,5,1085,255,29,34,1,1,1
102,5,1083,257,29,34,1,1,1
103,5,1081,258,29,34,1,1,1
104,5,1079,260,30,34,1,1,1
105,5,1076,261,30,34,1,1,1
106,5,1073,263,30,34,1,1,1
107,5,1071,264,29,34,1,1,1
108,5,1068,266,29,34,1,1,1
109,5,1066,268,29,34,1,1,1
110,5,1062,269,29,34,1,1,1
111,5,1059,271,29,34,1,1,1
112,5,1056,273,29,34,1,1,1
113,5,1053,274,29,34,1,1,1
114,5,1049,276,29,34,1,1,1
115,5,1046,278,29,34,1,1,1
116,5,1043,279,29,34,1,1,1
117,5,1040,281,29,34,1,1,1
118,5,1040,281,29,34,1,1,1
119,5,879,154,75,82,1,1,1
120,5,877,155,75,82,1,1,1
121,5,876,157,75,82,1,1,1
122,5,875,159,75,82,1,1,1
123,5,874,160,75,82,1,1,1
124,5,873,162,75,82,1,1,1
125,5,871,164,75,82,1,1,1
126,5,870,165,75,82,1,1,1
127,5,869,167,75,82,1,1,1
128,5,868,169,75,82,1,1,1
129,5,867,171,75,82,1,1,1
130,5,871,171,75,82,1,1,1
131,5,875,172,75,82,1,1,1
132,5,879,172,75,82,1,1,1
133,5,884,173,75,82,1,1,1
134,5,888,174,75,81,1,1,1
135,5,892,174,75,82,1,1,1
136,5,897,175,75,81,1,1,1
137,5,901,175,75,82,1,1,1
138,5,905,176,75,81,1,1,1
139,5,910,177,75,81,1,1,1
140,5,912,175,75,82,1,1,1
141,5,915,174,75,82,1,1,1
142,5,918,173,75,82,1,1,1
143,5,920,172,75,82,1,1,1
144,5,923,171,75,82,1,1,1
145,5,926,170,75,82,1,1,1
146,5,928,169,75,82,1,1,1
147,5,931,168,75,82,1,1,1
148,5,934,167,75,82,1,1,1
149,5,937,166,75,82,1,1,1
150,5,938,165,75,82,1,1,1
151,5,939,165,75,82,1,1,1
152,5,941,165,75,82,1,1,1
153,5,942,164,75,82,1,1,1
154,5,944,164,75,82,1,1,1
155,5,945,164,75,82,1,1,1
156,5,946,163,75,82,1,1,1
157,5,948,163,75,82,1,1,1
158,5,949,163,75,82,1,1,1
159,5,951,163,75,82,1,1,1
160,5,951,162,75,82,1,1,1
161,5,951,162,75,82,1,1,1
162,5,951,161,75,82,1,1,1
163,5,952,161,75,82,1,1,1
164,5,952,161,75,82,1,1,1
165,5,952,160,75,82,1,1,1
166,5,953,160,75,82,1,1,1
167,5,953,159,75,82,1,1,1
168,5,953,159,75,82,1,1,1
169,5,954,159,75,82,1,1,1
170,5,955,158,75,82,1,1,1
171,5,956,157,75,82,1,1,1
172,5,958,157,75,82,1,1,1
173,5,959,156,75,82,1,1,1
174,5,961,155,75,82,1,1,1
175,5,962,155,75,82,1,1,1
176,5,964,154,75,82,1,1,1
177,5,965,153,75,82,1,1,1
178,5,967,153,75,82,1,1,1
179,5,968,152,75,82,1,1,1
180,5,968,152,75,82,1,1,1
181,5,541,187,116,156,1,1,1
182,5,548,186,116,156,1,1,1
183,5,556,185,116,156,1,1,1
184,5,564,184,116,156,1,1,1
185,5,567,183,116,156,1,1,1
186,5,571,182,116,156,1,1,1
187,5,575,181,116,156,1,1,1
188,5,579,180,116,156,1,1,1
189,5,583,179,116,156,1,1,1
190,5,587,178,116,156,1,1,1
191,5,591,177,116,156,1,1,1
192,5,595,176,116,156,1,1,1
193,5,599,175,116,156,1,1,1
194,5,603,174,116,156,1,1,1
195,5,607,175,117,156,1,1,1
196,5,612,177,117,156,1,1,1
197,5,617,178,118,156,1,1,1
198,5,621,180,119,156,1,1,1
199,5,626,182,120,155,1,1,1
200,5,631,183,120,156,1,1,1
201,5,635,185,121,155,1,1,1
202,5,640,186,122,156,1,1,1
203,5,645,188,122,155,1,1,1
204,5,650,190,123,155,1,1,1
205,5,653,191,123,155,1,1,1
206,5,656,192,123,155,1,1,1
207,5,659,194,123,155,1,1,1
208,5,662,195,123,155,1,1,1
209,5,662,195,123,155,1,1,1
237,5,595,133,158,190,1,1,1
238,5,594,135,158,190,1,1,1
239,5,594,137,158,190,1,1,1
240,5,593,139,158,190,1,1,1
241,5,593,141,158,190,1,1,1
242,5,592,144,158,190,1,1,1
243,5,592,146,158,190,1,1,1
244,5,591,148,158,190,1,1,1
245,5,591,150,158,190,1,1,1
246,5,590,152,158,190,1,1,1
247,5,590,155,158,190,1,1,1
248,5,589,158,158,190,1,1,1
249,5,588,162,158,189,1,1,1
250,5,587,165,158,190,1,1,1
251,5,586,169,158,189,1,1,1
252,5,585,172,158,190,1,1,1
253,5,584,176,158,189,1,1,1
254,5,583,179,158,189,1,1,1
255,5,582,183,158,189,1,1,1
256,5,581,186,158,189,1,1,1
257,5,581,190,158,189,1,1,1
258,5,582,190,158,189,1,1,1
259,5,583,190,158,189,1,1,1
260,5,585,190,158,189,1,1,1
261,5,586,190,158,189,1,1,1
262,5,588,190,158,189,1,1,1
263,5,589,190,158,189,1,1,1
264,5,590,190,158,189,1,1,1
265,5,592,190,158,189,1,1,1
266,5,593,190,158,189,1,1,1
267,5,595,190,158,190,1,1,1
268,5,596,185,158,190,1,1,1
269,5,598,181,158,190,1,1,1
270,5,600,177,158,190,1,1,1
271,5,601,173,158,190,1,1,1
272,5,603,169,158,190,1,1,1
273,5,605,165,158,190,1,1,1
274,5,606,161,158,190,1,1,1
275,5,608,157,158,190,1,1,1
276,5,610,153,158,190,1,1,1
277,5,612,149,158,190,1,1,1
278,5,612,143,158,190,1,1,1
279,5,612,137,158,190,1,1,1
280,5,612,132,158,190,1,1,1
281,5,612,126,158,190,1,1,1
282,5,612,120,158,190,1,1,1
283,5,612,120,158,190,1,1,1
319,5,841,4,86,101,1,1,1
320,5,845,17,84,98,1,1,1
321,5,850,30,82,96,1,1,1
322,5,854,44,81,92,1,1,1
323,5,859,57,79,90,1,1,1
324,5,864,71,77,87,1,1,1
325,5,866,81,75,84,1,1,1
326,5,868,92,73,81,1,1,1
327,5,871,102,70,78,1,1,1
328,5,873,113,68,75,1,1,1
329,5,876,124,65,72,1,1,1
330,5,878,131,63,71,1,1,1
331,5,880,139,62,69,1,1,1
332,5,882,147,60,67,1,1,1
333,5,884,155,59,66,1,1,1
334,5,885,160,58,65,1,1,1
335,5,887,166,56,64,1,1,1
336,5,889,172,54,62,1,1,1
337,5,891,178,53,61,1,1,1
338,5,892,184,52,59,1,1,1
339,5,894,190,50,58,1,1,1
340,5,896,196,48,56,1,1,1
341,5,898,202,47,55,1,1,1
342,5,903,205,45,53,1,1,1
343,5,908,208,43,52,1,1,1
344,5,913,211,42,51,1,1,1
345,5,921,212,40,50,1,1,1
346,5,929,214,39,48,1,1,1
347,5,937,215,38,47,1,1,1
348,5,945,217,37,45,1,1,1
349,5,954,219,35,43,1,1,1
350,5,970,219,35,43,1,1,1
351,5,986,219,35,43,1,1,1
352,5,1002,219,35,43,1,1,1
566,5,728,398,19,25,1,1,1
567,5,727,398,19,25,1,1,1
568,5,726,398,20,25,1,1,1
569,5,726,398,19,25,1,1,1
570,5,725,398,20,25,1,1,1
571,5,724,398,20,25,1,1,1
572,5,724,399,20,25,1,1,1
573,5,724,398,19,25,1,1,1
574,5,724,397,19,25,1,1,1
575,5,724,396,19,25,1,1,1
576,5,724,395,19,25,1,1,1
577,5,723,394,19,25,1,1,1
578,5,722,393,20,25,1,1,1
579,5,722,393,20,24,1,1,1
580,5,721,391,20,25,1,1,1
581,5,720,390,20,25,1,1,1
582,5,719,389,20,25,1,1,1
583,5,718,388,20,25,1,1,1
584,5,717,387,20,25,1,1,1
585,5,716,386,20,25,1,1,1
586,5,716,385,19,25,1,1,1
587,5,713,385,20,25,1,1,1
588,5,711,385,20,25,1,1,1
589,5,709,385,20,25,1,1,1
590,5,707,385,20,25,1,1,1
591,5,705,386,20,25,1,1,1
592,5,704,387,20,25,1,1,1
593,5,703,388,20,25,1,1,1
594,5,702,389,19,25,1,1,1
595,5,701,390,19,25,1,1,1
596,5,700,391,19,25,1,1,1
597,5,700,391,19,25,1,1,1
598,5,700,392,19,25,1,1,1
599,5,701,393,19,25,1,1,1
600,5,701,394,19,25,1,1,1
601,5,701,395,19,25,1,1,1
602,5,702,396,19,25,1,1,1
603,5,702,395,19,25,1,1,1
604,5,702,394,19,25,1,1,1
605,5,702,393,19,25,1,1,1
606,5,702,393,19,25,1,1,1
607,5,702,392,19,25,1,1,1
608,5,702,391,19,25,1,1,1
609,5,702,390,19,25,1,1,1
610,5,702,389,19,25,1,1,1
611,5,702,387,19,25,1,1,1
612,5,703,385,19,25,1,1,1
613,5,704,383,19,25,1,1,1
614,5,705,381,19,25,1,1,1
615,5,706,379,19,25,1,1,1
616,5,707,378,19,25,1,1,1
617,5,706,375,19,25,1,1,1
618,5,705,372,20,25,1,1,1
619,5,704,369,20,25,1,1,1
620,5,704,367,20,24,1,1,1
621,5,703,366,20,24,1,1,1
622,5,703,365,20,25,1,1,1
623,5,703,365,20,24,1,1,1
624,5,703,364,19,25,1,1,1
625,5,703,363,19,25,1,1,1
626,5,703,363,19,25,1,1,1
627,5,703,362,19,25,1,1,1
628,5,703,361,19,25,1,1,1
629,5,703,360,20,25,1,1,1
630,5,704,360,19,25,1,1,1
631,5,704,359,19,25,1,1,1
632,5,704,358,20,25,1,1,1
633,5,704,357,20,25,1,1,1
634,5,705,357,20,25,1,1,1
635,5,704,356,20,25,1,1,1
636,5,704,356,20,25,1,1,1
637,5,703,356,20,25,1,1,1
638,5,703,356,20,25,1,1,1
639,5,703,356,19,24,1,1,1
640,5,702,356,20,24,1,1,1
641,5,702,356,19,24,1,1,1
642,5,702,356,19,24,1,1,1
643,5,703,355,19,24,1,1,1
644,5,704,355,19,24,1,1,1
645,5,705,354,19,25,1,1,1
646,5,706,354,19,25,1,1,1
647,5,707,354,19,24,1,1,1
648,5,708,353,19,25,1,1,1
649,5,709,353,19,25,1,1,1
650,5,709,353,19,25,1,1,1
680,5,885,265,33,40,1,1,1
681,5,886,267,33,40,1,1,1
682,5,888,269,33,40,1,1,1
683,5,889,271,33,40,1,1,1
684,5,891,273,33,40,1,1,1
685,5,893,276,33,40,1,1,1
686,5,894,273,33,40,1,1,1
687,5,896,270,33,40,1,1,1
688,5,898,268,32,40,1,1,1
689,5,900,265,32,40,1,1,1
690,5,902,263,32,40,1,1,1
691,5,904,260,32,40,1,1,1
692,5,906,258,32,40,1,1,1
693,5,909,256,32,39,1,1,1
694,5,911,254,32,39,1,1,1
695,5,914,252,32,39,1,1,1
696,5,915,251,32,40,1,1,1
697,5,916,251,32,40,1,1,1
698,5,917,251,32,40,1,1,1
699,5,918,251,32,40,1,1,1
700,5,920,251,32,40,1,1,1
701,5,920,251,32,40,1,1,1
702,5,920,251,32,40,1,1,1
703,5,920,252,33,39,1,1,1
704,5,920,252,33,39,1,1,1
705,5,921,253,33,39,1,1,1
706,5,921,253,33,39,1,1,1
707,5,921,253,33,39,1,1,1
708,5,922,253,32,40,1,1,1
709,5,922,253,32,40,1,1,1
710,5,923,254,32,40,1,1,1
711,5,922,254,32,40,1,1,1
712,5,922,255,32,40,1,1,1
713,5,921,256,32,40,1,1,1
714,5,921,257,32,40,1,1,1
715,5,921,258,32,40,1,1,1
716,5,920,259,32,40,1,1,1
717,5,920,260,32,40,1,1,1
718,5,919,261,32,40,1,1,1
719,5,919,262,32,40,1,1,1
720,5,919,263,32,40,1,1,1
721,5,918,263,32,40,1,1,1
722,5,918,263,32,40,1,1,1
723,5,917,263,33,40,1,1,1
724,5,917,264,33,40,1,1,1
725,5,918,261,33,40,1,1,1
726,5,920,259,33,40,1,1,1
727,5,922,257,33,40,1,1,1
728,5,924,254,32,40,1,1,1
729,5,926,252,32,40,1,1,1
730,5,928,250,32,40,1,1,1
731,5,928,247,32,41,1,1,1
732,5,929,245,32,41,1,1,1
733,5,929,243,33,41,1,1,1
734,5,930,241,33,41,1,1,1
735,5,930,239,34,41,1,1,1
736,5,931,236,33,43,1,1,1
737,5,931,234,34,43,1,1,1
738,5,932,232,34,43,1,1,1
739,5,932,230,35,43,1,1,1
740,5,933,228,35,43,1,1,1
741,5,933,228,35,43,1,1,1
742,5,553,112,200,229,1,1,1
743,5,553,109,200,229,1,1,1
744,5,554,106,200,229,1,1,1
745,5,555,103,200,229,1,1,1
746,5,556,101,200,229,1,1,1
747,5,557,98,200,229,1,1,1
748,5,558,95,200,229,1,1,1
749,5,559,93,200,229,1,1,1
750,5,560,90,200,229,1,1,1
751,5,561,87,200,229,1,1,1
752,5,562,85,200,229,1,1,1
753,5,553,84,200,229,1,1,1
754,5,544,83,200,229,1,1,1
755,5,535,82,200,229,1,1,1
756,5,527,81,200,229,1,1,1
757,5,518,80,200,229,1,1,1
758,5,509,79,200,229,1,1,1
759,5,501,78,200,229,1,1,1
760,5,492,77,200,229,1,1,1
761,5,483,76,200,229,1,1,1
762,5,475,76,200,229,1,1,1
763,5,475,85,200,229,1,1,1
764,5,475,95,200,229,1,1,1
765,5,476,104,200,229,1,1,1
766,5,476,114,200,229,1,1,1
767,5,476,123,200,229,1,1,1
768,5,476,123,200,229,1,1,1
813,5,717,371,13,16,1,1,1
814,5,718,370,13,16,1,1,1
815,5,719,370,13,16,1,1,1
816,5,720,370,13,16,1,1,1
817,5,721,370,13,16,1,1,1
818,5,722,369,13,16,1,1,1
819,5,723,369,13,16,1,1,1
820,5,724,369,13,16,1,1,1
821,5,725,369,13,15,1,1,1
822,5,726,369,13,15,1,1,1
823,5,728,369,12,15,1,1,1
824,5,730,368,12,15,1,1,1
825,5,733,368,12,15,1,1,1
826,5,735,367,12,16,1,1,1
827,5,738,367,12,15,1,1,1
828,5,741,367,12,15,1,1,1
829,5,743,366,12,16,1,1,1
830,5,746,366,12,15,1,1,1
831,5,748,365,12,16,1,1,1
832,5,751,365,12,16,1,1,1
833,5,754,365,12,16,1,1,1
834,5,756,364,12,16,1,1,1
835,5,758,363,13,17,1,1,1
836,5,760,362,14,17,1,1,1
837,5,763,361,14,18,1,1,1
838,5,765,361,15,18,1,1,1
839,5,767,360,15,18,1,1,1
840,5,770,359,15,19,1,1,1
841,5,772,358,16,19,1,1,1
842,5,774,357,17,20,1,1,1
843,5,777,357,17,20,1,1,1
844,5,779,356,18,20,1,1,1
845,5,781,355,19,21,1,1,1
846,5,784,354,19,21,1,1,1
847,5,786,353,20,22,1,1,1
848,5,789,352,20,23,1,1,1
849,5,794,350,21,24,1,1,1
850,5,800,348,21,25,1,1,1
851,5,805,346,22,26,1,1,1
852,5,811,344,22,27,1,1,1
853,5,816,342,23,28,1,1,1
854,5,822,341,24,28,1,1,1
855,5,828,339,25,29,1,1,1
856,5,834,338,26,30,1,1,1
857,5,840,337,28,31,1,1,1
858,5,846,335,29,32,1,1,1
859,5,852,334,30,33,1,1,1
860,5,858,333,32,34,1,1,1
861,5,866,331,33,35,1,1,1
862,5,874,329,34,36,1,1,1
863,5,883,327,34,37,1,1,1
864,5,890,323,37,41,1,1,1
865,5,897,320,40,44,1,1,1
866,5,904,317,43,47,1,1,1
867,5,911,314,46,50,1,1,1
868,5,918,308,48,53,1,1,1
869,5,925,302,51,56,1,1,1
870,5,932,296,54,60,1,1,1
871,5,939,290,57,63,1,1,1
872,5,946,285,60,66,1,1,1
873,5,954,276,63,70,1,1,1
874,5,962,268,66,73,1,1,1
875,5,970,259,69,77,1,1,1
876,5,978,251,72,80,1,1,1
877,5,986,242,75,84,1,1,1
878,5,994,234,78,87,1,1,1
879,5,1002,225,81,91,1,1,1
880,5,1010,217,84,94,1,1,1
881,5,1018,209,87,97,1,1,1
882,5,1020,209,86,97,1,1,1
883,5,1022,209,86,97,1,1,1
884,5,1024,210,86,96,1,1,1
885,5,1026,210,86,96,1,1,1
886,5,1028,211,86,96,1,1,1
887,5,1031,212,86,96,1,1,1
888,5,1034,214,86,96,1,1,1
889,5,1038,216,85,96,1,1,1
890,5,1029,217,84,96,1,1,1
891,5,1020,218,84,96,1,1,1
892,5,1011,219,84,96,1,1,1
893,5,1002,221,84,95,1,1,1
894,5,990,226,82,92,1,1,1
895,5,979,231,79,89,1,1,1
896,5,968,236,77,87,1,1,1
897,5,956,241,75,84,1,1,1
898,5,945,246,73,82,1,1,1
899,5,934,251,70,79,1,1,1
900,5,922,256,68,76,1,1,1
901,5,911,261,66,74,1,1,1
902,5,900,266,63,71,1,1,1
903,5,889,272,61,68,1,1,1
904,5,880,274,59,67,1,1,1
905,5,872,277,57,65,1,1,1
906,5,863,280,55,63,1,1,1
907,5,855,283,53,61,1,1,1
908,5,847,286,51,59,1,1,1
909,5,840,286,49,57,1,1,1
910,5,833,286,47,55,1,1,1
911,5,826,286,45,53,1,1,1
912,5,819,286,43,51,1,1,1
913,5,813,286,41,50,1,1,1
914,5,806,287,40,49,1,1,1
915,5,800,289,39,48,1,1,1
916,5,793,291,39,46,1,1,1
917,5,787,293,37,45,1,1,1
918,5,780,295,37,43,1,1,1
919,5,774,297,36,42,1,1,1
920,5,768,299,35,41,1,1,1
921,5,763,301,34,40,1,1,1
922,5,759,303,32,39,1,1,1
923,5,755,306,30,37,1,1,1
924,5,752,308,30,37,1,1,1
925,5,750,311,30,36,1,1,1
926,5,747,314,30,35,1,1,1
927,5,745,317,30,34,1,1,1
928,5,744,316,30,33,1,1,1
929,5,744,315,29,32,1,1,1
930,5,744,314,29,31,1,1,1
931,5,746,312,28,30,1,1,1
932,5,749,310,27,30,1,1,1
933,5,749,310,27,30,1,1,1
1022,5,739,397,18,21,1,1,1
1023,5,742,395,18,21,1,1,1
1024,5,746,393,18,21,1,1,1
1025,5,750,391,18,21,1,1,1
1026,5,754,389,18,21,1,1,1
1027,5,758,388,18,21,1,1,1
1028,5,762,386,18,21,1,1,1
1029,5,766,384,18,21,1,1,1
1030,5,770,382,18,21,1,1,1
1031,5,774,380,18,21,1,1,1
1032,5,778,379,18,21,1,1,1
1033,5,783,376,18,22,1,1,1
1034,5,788,374,18,22,1,1,1
1035,5,793,372,18,22,1,1,1
1036,5,799,369,17,22,1,1,1
1037,5,805,366,17,22,1,1,1
1038,5,811,363,17,22,1,1,1
1039,5,817,360,17,22,1,1,1
1040,5,823,357,17,22,1,1,1
1041,5,829,354,17,22,1,1,1
1042,5,835,351,17,22,1,1,1
1043,5,840,348,18,22,1,1,1
1044,5,846,345,18,22,1,1,1
1045,5,852,343,18,22,1,1,1
1046,5,858,340,18,22,1,1,1
1047,5,864,338,19,22,1,1,1
1048,5,868,335,19,22,1,1,1
1049,5,872,332,19,23,1,1,1
1050,5,877,330,18,22,1,1,1
1051,5,881,327,18,23,1,1,1
1052,5,886,325,18,23,1,1,1
1053,5,889,322,18,23,1,1,1
1054,5,892,319,18,23,1,1,1
1055,5,895,316,18,23,1,1,1
1056,5,898,314,18,23,1,1,1
1057,5,901,311,18,23,1,1,1
1058,5,904,308,18,23,1,1,1
1059,5,907,306,18,23,1,1,1
1060,5,910,303,18,23,1,1,1
1061,5,913,300,18,23,1,1,1
1062,5,917,298,18,23,1,1,1
1063,5,919,295,19,24,1,1,1
1064,5,922,292,19,25,1,1,1
1065,5,922,292,19,25,1,1,1
1119,5,1230,394,47,56,1,1,1
1120,5,1216,399,46,54,1,1,1
1121,5,1203,404,44,52,1,1,1
1122,5,1190,409,43,50,1,1,1
1123,5,1177,414,41,48,1,1,1
1124,5,1164,420,40,46,1,1,1
1125,5,1153,420,39,45,1,1,1
1126,5,1142,420,38,44,1,1,1
1127,5,1131,421,37,42,1,1,1
1128,5,1120,421,36,41,1,1,1
1129,5,1109,421,35,40,1,1,1
1130,5,1099,422,34,38,1,1,1
1131,5,1090,420,33,37,1,1,1
1132,5,1081,419,33,36,1,1,1
1133,5,1072,418,32,35,1,1,1
1134,5,1064,417,31,34,1,1,1
1135,5,1057,415,30,33,1,1,1
1136,5,1051,413,29,33,1,1,1
1137,5,1045,411,27,32,1,1,1
1138,5,1039,409,26,32,1,1,1
1139,5,1033,408,25,31,1,1,1
1140,5,1027,407,25,31,1,1,1
1141,5,1022,407,25,30,1,1,1
1142,5,1017,407,25,30,1,1,1
1143,5,1012,405,25,29,1,1,1
1144,5,1008,403,24,28,1,1,1
1145,5,1004,401,23,28,1,1,1
1146,5,1000,399,22,27,1,1,1
1147,5,996,397,21,27,1,1,1
1148,5,992,395,20,26,1,1,1
1149,5,988,393,20,26,1,1,1
1150,5,986,392,20,26,1,1,1
1151,5,984,392,20,26,1,1,1
1152,5,982,392,20,26,1,1,1
1153,5,980,392,20,26,1,1,1
1154,5,978,392,20,26,1,1,1
1155,5,976,392,20,26,1,1,1
1156,5,974,392,21,26,1,1,1
1157,5,972,390,21,26,1,1,1
1158,5,971,389,20,26,1,1,1
1159,5,970,388,20,26,1,1,1
1160,5,969,387,20,26,1,1,1
1161,5,968,387,20,26,1,1,1
1162,5,967,386,20,26,1,1,1
1163,5,966,386,20,26,1,1,1
1164,5,965,386,20,26,1,1,1
1165,5,964,385,20,26,1,1,1
1166,5,963,385,20,26,1,1,1
1167,5,962,384,20,26,1,1,1
1168,5,961,384,20,26,1,1,1
1169,5,960,384,20,26,1,1,1
1170,5,958,382,20,26,1,1,1
1171,5,956,381,21,26,1,1,1
1172,5,954,379,22,27,1,1,1
1173,5,953,378,22,27,1,1,1
1174,5,951,375,22,27,1,1,1
1175,5,949,372,22,27,1,1,1
1176,5,948,369,22,27,1,1,1
1177,5,946,366,22,28,1,1,1
1178,5,945,363,22,28,1,1,1
1179,5,943,360,22,28,1,1,1
1180,5,943,360,22,28,1,1,1
1269,5,352,169,85,103,1,1,1
1270,5,348,168,85,103,1,1,1
1271,5,344,167,85,103,1,1,1
1272,5,340,166,85,103,1,1,1
1273,5,337,166,84,103,1,1,1
1274,5,333,165,84,103,1,1,1
1275,5,329,164,84,103,1,1,1
1276,5,326,164,84,103,1,1,1
1277,5,323,163,84,103,1,1,1
1278,5,321,162,84,103,1,1,1
1279,5,319,161,84,103,1,1,1
1280,5,317,160,84,103,1,1,1
1281,5,315,160,84,103,1,1,1
1282,5,314,161,84,103,1,1,1
1283,5,313,163,84,103,1,1,1
1284,5,312,165,84,102,1,1,1
1285,5,311,167,84,102,1,1,1
1286,5,310,168,84,103,1,1,1
1287,5,309,170,84,102,1,1,1
1288,5,308,172,84,102,1,1,1
1289,5,307,174,84,102,1,1,1
1290,5,306,173,84,102,1,1,1
1291,5,305,172,84,102,1,1,1
1292,5,304,171,84,102,1,1,1
1293,5,304,170,84,102,1,1,1
1294,5,303,169,84,102,1,1,1
1295,5,302,168,84,102,1,1,1
1296,5,302,167,84,102,1,1,1
1297,5,301,166,84,102,1,1,1
1298,5,300,165,84,102,1,1,1
1299,5,300,165,84,102,1,1,1
1348,5,1218,189,62,96,1,1,1
1349,5,1209,181,72,95,1,1,1
1350,5,1202,172,77,94,1,1,1
1351,5,1192,171,76,92,1,1,1
1352,5,1183,170,75,90,1,1,1
1353,5,1173,169,74,89,1,1,1
1354,5,1164,168,73,87,1,1,1
1355,5,1155,167,71,86,1,1,1
1356,5,1145,166,71,84,1,1,1
1357,5,1136,165,69,82,1,1,1
1358,5,1126,164,69,81,1,1,1
1359,5,1117,163,67,79,1,1,1
1360,5,1108,163,66,77,1,1,1
1361,5,1100,163,66,76,1,1,1
1362,5,1092,163,66,76,1,1,1
1363,5,1084,163,66,75,1,1,1
1364,5,1076,163,66,75,1,1,1
1365,5,1068,163,66,75,1,1,1
1366,5,1064,165,66,74,1,1,1
1367,5,1060,167,66,74,1,1,1
1368,5,1056,169,66,74,1,1,1
1369,5,1053,171,65,73,1,1,1
1370,5,1049,173,65,73,1,1,1
1371,5,1045,175,65,73,1,1,1
1372,5,1042,178,65,72,1,1,1
1373,5,1042,177,64,71,1,1,1
1374,5,1042,176,63,71,1,1,1
1375,5,1043,176,62,70,1,1,1
1376,5,1043,175,61,70,1,1,1
1377,5,1043,174,60,70,1,1,1
1378,5,1044,174,59,69,1,1,1
1379,5,1044,173,58,69,1,1,1
1380,5,1045,173,57,68,1,1,1
1381,5,1044,172,57,68,1,1,1
1382,5,1043,171,57,68,1,1,1
1383,5,1042,171,57,68,1,1,1
1384,5,1041,170,57,68,1,1,1
1385,5,1040,170,57,68,1,1,1
1386,5,1039,169,57,68,1,1,1
1387,5,1038,168,57,68,1,1,1
1388,5,1037,168,57,68,1,1,1
1389,5,1036,167,57,68,1,1,1
1390,5,1035,167,57,68,1,1,1
1391,5,1034,167,57,68,1,1,1
1392,5,1033,168,57,68,1,1,1
1393,5,1033,168,57,68,1,1,1
1394,5,1032,169,57,68,1,1,1
1395,5,1032,170,57,67,1,1,1
1396,5,1031,170,57,68,1,1,1
1397,5,1030,171,57,67,1,1,1
1398,5,1030,171,57,68,1,1,1
1399,5,1029,172,57,67,1,1,1
1400,5,1029,173,57,67,1,1,1
1401,5,1029,171,57,67,1,1,1
1402,5,1029,170,57,67,1,1,1
1403,5,1029,169,57,67,1,1,1
1404,5,1030,168,57,67,1,1,1
1405,5,1030,167,57,67,1,1,1
1406,5,1030,165,57,68,1,1,1
1407,5,1031,164,57,68,1,1,1
1408,5,1031,163,57,68,1,1,1
1409,5,1031,162,57,68,1,1,1
1410,5,1032,161,57,68,1,1,1
1411,5,1031,160,57,68,1,1,1
1412,5,1031,160,57,68,1,1,1
1413,5,1031,159,57,68,1,1,1
1414,5,1031,159,57,68,1,1,1
1415,5,1031,159,57,68,1,1,1
1416,5,446,171,71,79,1,1,1
1417,5,443,171,71,79,1,1,1
1418,5,440,171,71,79,1,1,1
1419,5,437,171,71,79,1,1,1
1420,5,434,171,71,79,1,1,1
1421,5,432,171,71,79,1,1,1
1422,5,429,171,71,79,1,1,1
1423,5,426,171,71,79,1,1,1
1424,5,423,171,71,79,1,1,1
1425,5,420,171,71,79,1,1,1
1426,5,418,172,71,79,1,1,1
1427,5,411,172,71,79,1,1,1
1428,5,405,173,71,79,1,1,1
1429,5,398,174,71,79,1,1,1
1430,5,392,175,71,79,1,1,1
1431,5,388,179,71,79,1,1,1
1432,5,384,183,71,79,1,1,1
1433,5,380,187,71,79,1,1,1
1434,5,376,192,72,79,1,1,1
1435,5,380,197,72,79,1,1,1
1436,5,385,203,71,78,1,1,1
1437,5,390,208,70,79,1,1,1
1438,5,394,214,70,78,1,1,1
1439,5,399,219,69,78,1,1,1
1440,5,404,225,69,78,1,1,1
1441,5,414,226,68,78,1,1,1
1442,5,424,227,67,78,1,1,1
1443,5,434,229,66,77,1,1,1
1444,5,444,230,66,77,1,1,1
1445,5,454,232,65,76,1,1,1
1446,5,464,233,64,76,1,1,1
1447,5,474,235,64,75,1,1,1
1448,5,484,234,63,73,1,1,1
1449,5,494,233,62,72,1,1,1
1450,5,504,232,61,71,1,1,1
1451,5,514,231,60,70,1,1,1
1452,5,525,230,59,69,1,1,1
1453,5,535,229,58,68,1,1,1
1454,5,545,228,57,67,1,1,1
1455,5,555,227,56,66,1,1,1
1456,5,566,227,55,64,1,1,1
1457,5,578,229,53,63,1,1,1
1458,5,590,232,52,61,1,1,1
1459,5,602,234,51,60,1,1,1
1460,5,614,237,50,58,1,1,1
1461,5,627,240,48,57,1,1,1
1462,5,639,242,47,56,1,1,1
1463,5,651,245,46,54,1,1,1
1464,5,663,247,45,53,1,1,1
1465,5,675,250,44,51,1,1,1
1466,5,688,253,42,50,1,1,1
1467,5,698,255,41,49,1,1,1
1468,5,708,257,40,48,1,1,1
1469,5,718,259,40,47,1,1,1
1470,5,725,261,40,46,1,1,1
1471,5,733,264,39,45,1,1,1
1472,5,741,267,38,44,1,1,1
1473,5,747,269,37,43,1,1,1
1474,5,754,272,36,42,1,1,1
1475,5,760,274,35,42,1,1,1
1476,5,767,277,34,41,1,1,1
1477,5,771,278,34,41,1,1,1
1478,5,776,280,33,40,1,1,1
1479,5,780,282,33,40,1,1,1
1480,5,785,284,33,39,1,1,1
1481,5,789,286,33,39,1,1,1
1482,5,794,288,32,38,1,1,1
1483,5,799,290,32,38,1,1,1
1484,5,804,292,32,37,1,1,1
1485,5,810,294,31,37,1,1,1
1486,5,816,297,31,36,1,1,1
1487,5,822,299,30,36,1,1,1
1488,5,827,301,30,35,1,1,1
1489,5,833,304,30,34,1,1,1
1490,5,839,306,29,34,1,1,1
1491,5,845,309,29,33,1,1,1
1492,5,851,309,28,32,1,1,1
1493,5,857,309,28,32,1,1,1
1494,5,864,309,27,32,1,1,1
1495,5,870,309,27,32,1,1,1
1496,5,877,309,26,32,1,1,1
1497,5,878,309,26,32,1,1,1
1498,5,880,310,26,32,1,1,1
1499,5,882,311,26,32,1,1,1
1500,5,884,312,26,32,1,1,1
1501,5,883,313,25,31,1,1,1
1502,5,882,315,25,30,1,1,1
1503,5,881,317,25,29,1,1,1
1504,5,880,319,25,28,1,1,1
1505,5,877,321,24,27,1,1,1
1506,5,874,323,23,26,1,1,1
1507,5,871,325,23,25,1,1,1
1508,5,868,327,22,24,1,1,1
1509,5,865,329,21,23,1,1,1
1510,5,863,331,20,23,1,1,1
1511,5,859,332,20,23,1,1,1
1512,5,856,334,19,22,1,1,1
1513,5,852,335,20,23,1,1,1
1514,5,849,337,19,22,1,1,1
1515,5,845,338,20,23,1,1,1
1516,5,842,340,19,22,1,1,1
1517,5,838,341,19,22,1,1,1
1518,5,835,343,19,22,1,1,1
1519,5,831,344,19,22,1,1,1
1520,5,828,346,19,22,1,1,1
1521,5,824,348,19,22,1,1,1
1522,5,820,350,19,22,1,1,1
1523,5,816,352,19,22,1,1,1
1524,5,813,355,18,21,1,1,1
1525,5,809,356,18,21,1,1,1
1526,5,806,358,17,21,1,1,1
1527,5,803,360,17,20,1,1,1
1528,5,799,361,17,21,1,1,1
1529,5,796,363,16,20,1,1,1
1530,5,793,365,16,20,1,1,1
1531,5,790,366,16,20,1,1,1
1532,5,787,368,16,20,1,1,1
1533,5,785,370,16,20,1,1,1
1534,5,782,372,16,20,1,1,1
1535,5,782,372,16,20,1,1,1
1669,5,1228,167,51,66,1,1,1
1670,5,1217,170,51,65,1,1,1
1671,5,1206,173,51,64,1,1,1
1672,5,1196,176,50,63,1,1,1
1673,5,1185,179,51,62,1,1,1
1674,5,1175,183,50,60,1,1,1
1675,5,1164,186,50,59,1,1,1
1676,5,1153,189,51,58,1,1,1
1677,5,1143,192,50,57,1,1,1
1678,5,1132,195,50,56,1,1,1
1679,5,1122,199,50,54,1,1,1
1680,5,1114,202,50,54,1,1,1
1681,5,1107,206,49,53,1,1,1
1682,5,1099,209,49,53,1,1,1
1683,5,1092,213,48,52,1,1,1
1684,5,1085,217,47,51,1,1,1
1685,5,1082,218,47,50,1,1,1
1686,5,1080,219,46,49,1,1,1
1687,5,1078,220,45,49,1,1,1
1688,5,1076,221,44,48,1,1,1
1689,5,1074,223,44,47,1,1,1
1690,5,1072,223,44,47,1,1,1
1691,5,1071,224,44,47,1,1,1
1692,5,1070,224,43,47,1,1,1
1693,5,1069,225,43,47,1,1,1
1694,5,1068,226,43,46,1,1,1
1695,5,1067,226,42,47,1,1,1
1696,5,1066,227,42,46,1,1,1
1697,5,1065,227,41,47,1,1,1
1698,5,1064,228,41,46,1,1,1
1699,5,1063,229,41,46,1,1,1
1700,5,1059,228,41,46,1,1,1
1701,5,1055,228,41,46,1,1,1
1702,5,1052,228,41,46,1,1,1
1703,5,1048,228,41,46,1,1,1
1704,5,1045,228,41,46,1,1,1
1705,5,1041,228,41,46,1,1,1
1706,5,1038,228,41,46,1,1,1
1707,5,1034,228,41,46,1,1,1
1708,5,1031,228,41,46,1,1,1
1709,5,1027,228,41,46,1,1,1
1710,5,1027,228,41,46,1,1,1
1757,5,727,386,19,24,1,1,1
1758,5,726,385,19,24,1,1,1
1759,5,726,385,19,24,1,1,1
1760,5,725,385,19,24,1,1,1
1761,5,725,385,19,24,1,1,1
1762,5,725,385,19,24,1,1,1
1763,5,724,384,19,24,1,1,1
1764,5,724,384,19,24,1,1,1
1765,5,723,384,19,24,1,1,1
1766,5,723,384,19,24,1,1,1
1767,5,723,384,19,24,1,1,1
1768,5,722,384,19,24,1,1,1
1769,5,722,384,19,24,1,1,1
1770,5,722,384,19,24,1,1,1
1771,5,722,384,19,24,1,1,1
1772,5,722,384,19,24,1,1,1
1773,5,722,384,19,24,1,1,1
1774,5,724,383,19,24,1,1,1
1775,5,726,383,19,24,1,1,1
1776,5,728,383,19,24,1,1,1
1777,5,730,383,19,24,1,1,1
1778,5,732,382,19,24,1,1,1
1779,5,735,382,19,24,1,1,1
1780,5,737,382,19,24,1,1,1
1781,5,740,382,19,24,1,1,1
1782,5,743,382,19,24,1,1,1
1783,5,745,382,19,24,1,1,1
1784,5,748,382,19,24,1,1,1
1785,5,750,382,19,24,1,1,1
1786,5,753,382,19,24,1,1,1
1787,5,756,382,19,24,1,1,1
1788,5,756,382,19,24,1,1,1
1789,5,756,382,19,24,1,1,1
1790,5,756,382,19,24,1,1,1
1791,5,756,383,19,24,1,1,1
1792,5,756,383,19,24,1,1,1
1793,5,756,383,19,24,1,1,1
1794,5,756,384,19,24,1,1,1
1795,5,756,384,19,24,1,1,1
1796,5,756,384,19,24,1,1,1
1797,5,757,385,19,24,1,1,1
1798,5,757,385,19,24,1,1,1
1799,5,758,385,19,24,1,1,1
1800,5,759,385,19,24,1,1,1
1801,5,760,385,19,24,1,1,1
1802,5,761,386,19,24,1,1,1
1803,5,761,386,19,24,1,1,1
1804,5,762,386,19,24,1,1,1
1805,5,763,386,19,24,1,1,1
1806,5,764,386,19,24,1,1,1
1807,5,765,387,19,24,1,1,1
1808,5,766,387,19,24,1,1,1
1809,5,768,387,19,24,1,1,1
1810,5,769,387,19,24,1,1,1
1811,5,771,387,19,24,1,1,1
1812,5,773,387,19,24,1,1,1
1813,5,774,387,19,24,1,1,1
1814,5,776,387,19,24,1,1,1
1815,5,777,387,19,24,1,1,1
1816,5,779,387,19,24,1,1,1
1817,5,781,388,19,24,1,1,1
1818,5,782,386,19,24,1,1,1
1819,5,784,384,19,24,1,1,1
1820,5,785,382,19,24,1,1,1
1821,5,787,380,19,24,1,1,1
1822,5,789,378,19,24,1,1,1
1823,5,790,376,19,24,1,1,1
1824,5,792,374,19,24,1,1,1
1825,5,793,372,19,24,1,1,1
1826,5,795,370,19,24,1,1,1
1827,5,797,368,19,24,1,1,1
1828,5,798,367,19,24,1,1,1
1829,5,800,366,19,24,1,1,1
1830,5,802,366,19,24,1,1,1
1831,5,803,365,19,24,1,1,1
1832,5,805,365,19,24,1,1,1
1833,5,807,364,19,24,1,1,1
1834,5,808,363,19,24,1,1,1
1835,5,810,363,19,24,1,1,1
1836,5,812,362,19,24,1,1,1
1837,5,814,362,19,24,1,1,1
1838,5,816,362,19,24,1,1,1
1839,5,818,362,19,24,1,1,1
1840,5,820,362,19,24,1,1,1
1841,5,823,362,19,24,1,1,1
1842,5,825,362,19,24,1,1,1
1843,5,827,362,19,24,1,1,1
1844,5,830,362,19,24,1,1,1
1845,5,832,362,19,24,1,1,1
1846,5,834,362,19,24,1,1,1
1847,5,837,362,19,24,1,1,1
1848,5,838,360,19,24,1,1,1
1849,5,839,358,19,25,1,1,1
1850,5,840,356,20,25,1,1,1
1851,5,841,354,20,26,1,1,1
1852,5,842,352,21,26,1,1,1
1853,5,843,350,21,27,1,1,1
1854,5,844,348,21,27,1,1,1
1855,5,845,346,22,28,1,1,1
1856,5,846,344,22,28,1,1,1
1857,5,846,344,22,28,1,1,1
1932,5,790,224,37,43,1,1,1
1933,5,789,224,37,43,1,1,1
1934,5,788,224,37,43,1,1,1
1935,5,787,224,37,43,1,1,1
1936,5,787,224,37,43,1,1,1
1937,5,786,224,37,43,1,1,1
1938,5,785,224,37,43,1,1,1
1939,5,785,224,37,43,1,1,1
1940,5,784,224,37,43,1,1,1
1941,5,783,224,37,43,1,1,1
1942,5,783,225,37,43,1,1,1
1943,5,783,224,37,43,1,1,1
1944,5,784,224,37,43,1,1,1
1945,5,785,224,37,43,1,1,1
1946,5,785,223,37,43,1,1,1
1947,5,786,223,37,43,1,1,1
1948,5,787,223,37,43,1,1,1
1949,5,787,222,37,43,1,1,1
1950,5,788,222,37,43,1,1,1
1951,5,789,222,37,43,1,1,1
1952,5,790,222,37,43,1,1,1
1953,5,793,221,37,43,1,1,1
1954,5,796,220,37,43,1,1,1
1955,5,799,219,37,43,1,1,1
1956,5,803,219,37,43,1,1,1
1957,5,806,218,37,43,1,1,1
1958,5,809,217,37,43,1,1,1
1959,5,813,217,37,43,1,1,1
1960,5,816,216,37,43,1,1,1
1961,5,819,215,37,43,1,1,1
1962,5,823,215,37,43,1,1,1
1963,5,826,215,37,43,1,1,1
1964,5,829,215,37,43,1,1,1
1965,5,832,216,37,43,1,1,1
1966,5,835,216,37,43,1,1,1
1967,5,839,217,37,43,1,1,1
1968,5,842,217,37,43,1,1,1
1969,5,845,217,37,43,1,1,1
1970,5,848,218,37,43,1,1,1
1971,5,851,218,37,43,1,1,1
1972,5,855,219,37,43,1,1,1
1973,5,855,218,37,43,1,1,1
1974,5,856,217,37,43,1,1,1
1975,5,857,216,37,43,1,1,1
1976,5,857,215,37,43,1,1,1
1977,5,858,214,37,43,1,1,1
1978,5,859,213,37,43,1,1,1
1979,5,859,213,37,43,1,1,1
2008,5,862,217,39,46,1,1,1
2009,5,861,217,39,46,1,1,1
2010,5,861,217,39,46,1,1,1
2011,5,861,217,39,46,1,1,1
2012,5,861,217,39,46,1,1,1
2013,5,861,217,39,46,1,1,1
2014,5,861,217,39,46,1,1,1
2015,5,861,217,39,46,1,1,1
2016,5,861,217,39,46,1,1,1
2017,5,861,217,39,46,1,1,1
2018,5,861,217,39,46,1,1,1
2019,5,860,217,39,46,1,1,1
2020,5,860,217,39,46,1,1,1
2021,5,860,218,39,46,1,1,1
2022,5,859,218,39,46,1,1,1
2023,5,859,219,39,46,1,1,1
2024,5,859,219,39,46,1,1,1
2025,5,858,219,39,46,1,1,1
2026,5,858,220,39,46,1,1,1
2027,5,858,220,39,46,1,1,1
2028,5,858,221,39,46,1,1,1
2029,5,857,220,39,46,1,1,1
2030,5,857,220,39,46,1,1,1
2031,5,857,220,39,46,1,1,1
2032,5,857,220,39,46,1,1,1
2033,5,857,220,39,46,1,1,1
2034,5,857,220,39,46,1,1,1
2035,5,857,220,39,46,1,1,1
2156,5,156,503,113,129,1,1,1
2157,5,223,468,108,122,1,1,1
2158,5,291,433,103,116,1,1,1
2159,5,359,398,97,109,1,1,1
2160,5,427,363,92,103,1,1,1
2161,5,472,346,87,97,1,1,1
2162,5,518,330,82,90,1,1,1
2163,5,564,314,77,84,1,1,1
2164,5,598,307,71,78,1,1,1
2165,5,632,301,66,71,1,1,1
2166,5,667,295,60,65,1,1,1
2167,5,692,289,58,64,1,1,1
2168,5,717,283,57,63,1,1,1
2169,5,742,277,56,62,1,1,1
2170,5,767,272,55,60,1,1,1
2171,5,789,268,53,59,1,1,1
2172,5,811,264,52,58,1,1,1
2173,5,833,261,51,56,1,1,1
2174,5,851,258,49,55,1,1,1
2175,5,870,255,47,54,1,1,1
2176,5,889,253,45,52,1,1,1
2177,5,903,252,44,51,1,1,1
2178,5,917,252,44,50,1,1,1
2179,5,931,251,43,49,1,1,1
2180,5,946,251,42,48,1,1,1
2181,5,957,253,41,47,1,1,1
2182,5,968,255,40,46,1,1,1
2183,5,979,257,40,46,1,1,1
2184,5,988,259,39,45,1,1,1
2185,5,998,261,37,44,1,1,1
2186,5,1008,264,36,43,1,1,1
2187,5,1012,267,36,42,1,1,1
2188,5,1017,270,36,42,1,1,1
2189,5,1022,274,35,41,1,1,1
2190,5,1027,277,35,40,1,1,1
2191,5,1032,280,34,40,1,1,1
2192,5,1037,284,34,39,1,1,1
2193,5,1039,287,34,38,1,1,1
2194,5,1042,290,33,38,1,1,1
2195,5,1044,293,33,37,1,1,1
2196,5,1047,296,32,37,1,1,1
2197,5,1049,299,32,36,1,1,1
2198,5,1049,299,32,36,1,1,1
2262,5,584,123,121,139,1,1,1
2263,5,578,115,121,139,1,1,1
2264,5,573,108,121,139,1,1,1
2265,5,567,100,122,139,1,1,1
2266,5,562,93,122,139,1,1,1
2267,5,556,101,122,139,1,1,1
2268,5,551,110,122,139,1,1,1
2269,5,546,119,122,139,1,1,1
2270,5,541,127,121,139,1,1,1
2271,5,536,136,121,139,1,1,1
2272,5,531,145,121,139,1,1,1
2273,5,524,161,121,139,1,1,1
2274,5,517,177,122,139,1,1,1
2275,5,511,194,122,139,1,1,1
2276,5,510,202,122,138,1,1,1
2277,5,509,210,122,138,1,1,1
2278,5,509,218,122,138,1,1,1
2279,5,514,219,121,138,1,1,1
2280,5,519,220,121,139,1,1,1
2281,5,524,221,121,139,1,1,1
2282,5,529,223,121,139,1,1,1
2283,5,533,221,119,139,1,1,1
2284,5,537,220,118,138,1,1,1
2285,5,541,218,117,138,1,1,1
2286,5,545,217,116,137,1,1,1
2287,5,549,216,115,137,1,1,1
2288,5,555,207,114,136,1,1,1
2289,5,562,198,113,135,1,1,1
2290,5,569,189,111,135,1,1,1
2291,5,576,180,110,134,1,1,1
2292,5,583,171,109,134,1,1,1
2293,5,587,158,106,131,1,1,1
2294,5,591,145,103,128,1,1,1
2295,5,596,133,100,124,1,1,1
2296,5,602,128,97,121,1,1,1
2297,5,609,124,93,117,1,1,1
2298,5,615,120,90,113,1,1,1
2299,5,622,116,86,109,1,1,1
2300,5,629,112,82,106,1,1,1
2301,5,632,118,80,103,1,1,1
2302,5,636,124,78,100,1,1,1
2303,5,640,130,76,97,1,1,1
2304,5,643,136,75,94,1,1,1
2305,5,647,142,73,91,1,1,1
2306,5,651,148,71,89,1,1,1
2307,5,653,153,69,86,1,1,1
2308,5,656,159,66,83,1,1,1
2309,5,658,165,64,80,1,1,1
2310,5,661,170,61,78,1,1,1
2311,5,663,176,59,75,1,1,1
2312,5,666,182,57,72,1,1,1
2313,5,663,190,55,70,1,1,1
2314,5,661,199,53,67,1,1,1
2315,5,658,207,51,65,1,1,1
2316,5,656,216,49,63,1,1,1
2317,5,654,222,47,60,1,1,1
2318,5,652,228,45,58,1,1,1
2319,5,650,234,43,56,1,1,1
2320,5,648,240,41,54,1,1,1
2321,5,646,246,39,52,1,1,1
2322,5,644,252,37,50,1,1,1
2323,5,642,256,37,48,1,1,1
2324,5,641,260,36,47,1,1,1
2325,5,640,265,35,45,1,1,1
2326,5,639,269,34,44,1,1,1
2327,5,638,274,33,42,1,1,1
2328,5,636,278,33,40,1,1,1
2329,5,635,282,32,39,1,1,1
2330,5,634,287,31,37,1,1,1
2331,5,633,291,30,36,1,1,1
2332,5,633,291,30,36,1,1,1
2333,5,436,185,175,232,1,1,1
2334,5,437,206,175,232,1,1,1
2335,5,438,227,175,232,1,1,1
2336,5,439,248,175,232,1,1,1
2337,5,440,247,175,232,1,1,1
2338,5,441,247,175,232,1,1,1
2339,5,442,247,175,232,1,1,1
2340,5,443,247,175,232,1,1,1
2341,5,445,221,175,232,1,1,1
2342,5,448,196,174,232,1,1,1
2343,5,451,171,174,232,1,1,1
2344,5,448,157,176,234,1,1,1
2345,5,445,143,178,237,1,1,1
2346,5,442,129,180,239,1,1,1
2347,5,439,115,182,242,1,1,1
2348,5,436,101,185,245,1,1,1
2349,5,433,98,187,248,1,1,1
2350,5,430,96,189,251,1,1,1
2351,5,427,94,191,253,1,1,1
2352,5,424,92,193,256,1,1,1
2353,5,421,90,196,259,1,1,1
2354,5,416,103,196,259,1,1,1
2355,5,412,116,196,259,1,1,1
2356,5,407,129,196,259,1,1,1
2357,5,403,143,196,259,1,1,1
2358,5,399,156,196,259,1,1,1
2359,5,394,169,196,259,1,1,1
2360,5,390,183,196,259,1,1,1
2361,5,385,196,196,259,1,1,1
2362,5,381,209,196,259,1,1,1
2363,5,377,223,196,259,1,1,1
2364,5,377,230,196,259,1,1,1
2365,5,377,238,197,259,1,1,1
2366,5,377,246,197,259,1,1,1
2367,5,378,254,197,259,1,1,1
2368,5,389,239,197,259,1,1,1
2369,5,400,225,197,259,1,1,1
2370,5,412,211,196,259,1,1,1
2371,5,423,197,196,259,1,1,1
2372,5,434,183,196,259,1,1,1
2373,5,446,169,196,259,1,1,1
2374,5,451,159,197,260,1,1,1
2375,5,456,150,199,260,1,1,1
2376,5,461,141,200,261,1,1,1
2377,5,466,132,202,261,1,1,1
2378,5,471,123,203,261,1,1,1
2379,5,477,114,204,262,1,1,1
2380,5,476,120,205,262,1,1,1
2381,5,476,126,206,263,1,1,1
2382,5,475,133,208,263,1,1,1
2383,5,475,139,208,264,1,1,1
2384,5,474,145,210,265,1,1,1
2385,5,474,145,210,265,1,1,1
2420,5,1,85,85,111,1,1,1
2421,5,27,94,83,107,1,1,1
2422,5,53,103,81,104,1,1,1
2423,5,79,112,79,101,1,1,1
2424,5,105,121,77,98,1,1,1
2425,5,131,130,75,95,1,1,1
2426,5,158,139,73,92,1,1,1
2427,5,179,148,71,89,1,1,1
2428,5,201,157,68,86,1,1,1
2429,5,222,166,67,83,1,1,1
2430,5,244,175,64,80,1,1,1
2431,5,266,184,62,77,1,1,1
2432,5,282,188,60,74,1,1,1
2433,5,299,192,57,71,1,1,1
2434,5,316,197,55,67,1,1,1
2435,5,333,201,52,64,1,1,1
2436,5,350,206,50,61,1,1,1
2437,5,362,212,47,58,1,1,1
2438,5,374,219,44,54,1,1,1
2439,5,386,225,42,51,1,1,1
2440,5,398,232,39,47,1,1,1
2441,5,410,239,37,44,1,1,1
2442,5,418,245,36,43,1,1,1
2443,5,426,251,36,43,1,1,1
2444,5,435,257,35,43,1,1,1
2445,5,438,259,34,43,1,1,1
2446,5,441,262,34,42,1,1,1
2447,5,445,265,33,41,1,1,1
2448,5,444,267,33,40,1,1,1
2449,5,444,269,32,39,1,1,1
2450,5,444,271,31,38,1,1,1
2451,5,444,271,31,38,1,1,1
2508,5,617,388,20,23,1,1,1
2509,5,616,387,20,22,1,1,1
2510,5,615,386,20,22,1,1,1
2511,5,614,385,20,22,1,1,1
2512,5,613,384,20,22,1,1,1
2513,5,612,383,20,22,1,1,1
2514,5,611,382,20,22,1,1,1
2515,5,610,381,20,22,1,1,1
2516,5,608,379,20,23,1,1,1
2517,5,606,378,20,23,1,1,1
2518,5,605,377,19,23,1,1,1
2519,5,603,375,19,23,1,1,1
2520,5,601,373,19,23,1,1,1
2521,5,599,372,19,22,1,1,1
2522,5,597,370,19,23,1,1,1
2523,5,595,368,19,23,1,1,1
2524,5,593,367,19,22,1,1,1
2525,5,591,365,19,22,1,1,1
2526,5,589,364,20,22,1,1,1
2527,5,588,362,20,22,1,1,1
2528,5,587,360,20,22,1,1,1
2529,5,586,358,20,22,1,1,1
2530,5,585,356,20,22,1,1,1
2531,5,584,355,20,22,1,1,1
2532,5,583,354,20,22,1,1,1
2533,5,582,353,20,22,1,1,1
2534,5,581,352,20,23,1,1,1
2535,5,580,351,20,23,1,1,1
2536,5,579,351,20,22,1,1,1
2537,5,578,351,20,22,1,1,1
2538,5,577,350,20,22,1,1,1
2539,5,576,350,20,22,1,1,1
2540,5,575,350,20,22,1,1,1
2541,5,574,349,20,23,1,1,1
2542,5,573,349,20,23,1,1,1
2543,5,572,349,20,22,1,1,1
2544,5,571,349,20,22,1,1,1
2545,5,570,348,20,23,1,1,1
2546,5,569,348,20,23,1,1,1
2547,5,568,348,20,23,1,1,1
2548,5,568,348,19,23,1,1,1
2549,5,565,345,20,24,1,1,1
2550,5,563,342,20,25,1,1,1
2551,5,561,339,20,26,1,1,1
2552,5,559,337,21,26,1,1,1
2553,5,556,334,22,27,1,1,1
2554,5,554,331,22,28,1,1,1
2555,5,552,328,22,29,1,1,1
2556,5,550,326,23,29,1,1,1
2557,5,549,326,24,29,1,1,1
2558,5,549,326,24,29,1,1,1
2559,5,549,326,24,29,1,1,1
2560,5,549,326,24,29,1,1,1
2561,5,549,326,24,29,1,1,1
2562,5,547,324,24,29,1,1,1
2563,5,545,323,24,29,1,1,1
2564,5,543,321,24,30,1,1,1
2565,5,541,320,24,29,1,1,1
2566,5,539,318,24,30,1,1,1
2567,5,537,317,24,30,1,1,1
2568,5,536,316,23,30,1,1,1
2569,5,533,313,23,30,1,1,1
2570,5,531,310,23,30,1,1,1
2571,5,529,307,23,30,1,1,1
2572,5,526,304,23,30,1,1,1
2573,5,524,301,23,30,1,1,1
2574,5,522,298,23,30,1,1,1
2575,5,519,295,23,30,1,1,1
2576,5,517,292,23,30,1,1,1
2577,5,515,289,23,30,1,1,1
2578,5,513,287,23,30,1,1,1
2579,5,510,285,23,30,1,1,1
2580,5,507,283,23,30,1,1,1
2581,5,504,281,23,31,1,1,1
2582,5,503,279,23,31,1,1,1
2583,5,502,278,23,31,1,1,1
2584,5,501,276,23,31,1,1,1
2585,5,500,275,23,31,1,1,1
2586,5,499,273,23,31,1,1,1
2587,5,498,272,23,31,1,1,1
2588,5,497,271,23,31,1,1,1
2589,5,498,271,23,31,1,1,1
2590,5,499,271,23,32,1,1,1
2591,5,500,272,23,31,1,1,1
2592,5,501,272,24,32,1,1,1
2593,5,502,273,24,31,1,1,1
2594,5,503,273,24,32,1,1,1
2595,5,504,274,25,32,1,1,1
2596,5,506,276,25,32,1,1,1
2597,5,508,279,25,32,1,1,1
2598,5,510,282,25,32,1,1,1
2599,5,512,285,25,32,1,1,1
2600,5,514,289,25,32,1,1,1
2601,5,516,293,26,32,1,1,1
2602,5,518,296,26,32,1,1,1
2603,5,521,300,25,32,1,1,1
2604,5,523,304,26,32,1,1,1
2605,5,525,307,26,32,1,1,1
2606,5,527,311,26,32,1,1,1
2607,5,530,315,26,32,1,1,1
2608,5,531,314,25,32,1,1,1
2609,5,532,313,25,32,1,1,1
2610,5,533,312,25,32,1,1,1
2611,5,534,311,25,32,1,1,1
2612,5,532,310,25,32,1,1,1
2613,5,530,310,25,32,1,1,1
2614,5,529,310,25,32,1,1,1
2615,5,527,309,25,32,1,1,1
2616,5,526,309,25,32,1,1,1
2617,5,524,309,25,32,1,1,1
2618,5,523,309,25,32,1,1,1
2619,5,523,310,25,32,1,1,1
2620,5,523,312,25,32,1,1,1
2621,5,523,313,25,32,1,1,1
2622,5,523,315,25,32,1,1,1
2623,5,523,317,25,32,1,1,1
2624,5,523,318,25,32,1,1,1
2625,5,523,320,25,32,1,1,1
2626,5,523,320,25,32,1,1,1
2657,5,927,170,66,81,1,1,1
2658,5,928,170,66,81,1,1,1
2659,5,929,170,66,81,1,1,1
2660,5,930,170,66,81,1,1,1
2661,5,932,170,65,81,1,1,1
2662,5,933,170,66,81,1,1,1
2663,5,934,170,66,81,1,1,1
2664,5,936,170,65,81,1,1,1
2665,5,937,170,65,81,1,1,1
2666,5,938,170,65,81,1,1,1
2667,5,940,171,65,81,1,1,1
2668,5,941,168,65,81,1,1,1
2669,5,943,166,65,81,1,1,1
2670,5,945,163,65,81,1,1,1
2671,5,947,161,65,81,1,1,1
2672,5,949,158,65,81,1,1,1
2673,5,950,156,65,81,1,1,1
2674,5,952,153,65,81,1,1,1
2675,5,954,151,65,81,1,1,1
2676,5,956,148,65,81,1,1,1
2677,5,958,146,65,81,1,1,1
2678,5,964,145,65,81,1,1,1
2679,5,971,145,65,81,1,1,1
2680,5,978,145,65,81,1,1,1
2681,5,985,145,65,81,1,1,1
2682,5,992,145,65,81,1,1,1
2683,5,999,145,65,81,1,1,1
2684,5,1006,145,65,81,1,1,1
2685,5,1006,145,65,81,1,1,1
2686,5,518,341,26,31,1,1,1
2687,5,523,341,27,31,1,1,1
2688,5,529,341,27,31,1,1,1
2689,5,535,341,27,31,1,1,1
2690,5,541,342,27,31,1,1,1
2691,5,547,342,27,31,1,1,1
2692,5,553,342,27,31,1,1,1
2693,5,559,343,28,31,1,1,1
2694,5,565,343,27,31,1,1,1
2695,5,571,343,27,31,1,1,1
2696,5,577,343,27,31,1,1,1
2697,5,582,343,28,31,1,1,1
2698,5,588,343,29,32,1,1,1
2699,5,594,343,29,33,1,1,1
2700,5,600,343,30,34,1,1,1
2701,5,606,343,31,35,1,1,1
2702,5,612,343,31,36,1,1,1
2703,5,618,343,32,37,1,1,1
2704,5,624,344,33,37,1,1,1
2705,5,632,341,34,38,1,1,1
2706,5,641,339,34,38,1,1,1
2707,5,649,336,35,39,1,1,1
2708,5,658,334,36,40,1,1,1
2709,5,669,333,37,41,1,1,1
2710,5,681,333,37,42,1,1,1
2711,5,693,333,37,42,1,1,1
2712,5,705,333,38,43,1,1,1
2713,5,719,333,38,43,1,1,1
2714,5,733,333,39,44,1,1,1
2715,5,747,333,39,45,1,1,1
2716,5,761,333,40,46,1,1,1
2717,5,778,332,42,48,1,1,1
2718,5,795,331,44,50,1,1,1
2719,5,812,330,46,52,1,1,1
2720,5,830,330,47,53,1,1,1
2721,5,847,329,49,55,1,1,1
2722,5,864,328,51,57,1,1,1
2723,5,882,328,53,58,1,1,1
2724,5,900,328,55,60,1,1,1
2725,5,918,329,57,62,1,1,1
2726,5,937,330,58,64,1,1,1
2727,5,955,331,60,65,1,1,1
2728,5,974,332,61,67,1,1,1
2729,5,992,333,63,69,1,1,1
2730,5,1011,334,65,70,1,1,1
2731,5,1029,335,67,72,1,1,1
2732,5,1048,336,68,74,1,1,1
2733,5,1066,337,70,75,1,1,1
2734,5,1085,338,71,77,1,1,1
2735,5,1103,339,73,79,1,1,1
2736,5,1122,340,75,81,1,1,1
2737,5,1142,340,75,81,1,1,1
2738,5,1163,341,75,81,1,1,1
2739,5,1183,342,75,81,1,1,1
2744,5,755,328,19,20,1,1,1
2745,5,758,325,19,20,1,1,1
2746,5,761,322,19,20,1,1,1
2747,5,765,319,18,20,1,1,1
2748,5,768,316,18,21,1,1,1
2749,5,772,314,18,20,1,1,1
2750,5,775,311,18,20,1,1,1
2751,5,778,308,18,21,1,1,1
2752,5,782,305,17,21,1,1,1
2753,5,785,302,17,21,1,1,1
2754,5,789,300,17,21,1,1,1
2755,5,792,297,17,22,1,1,1
2756,5,795,295,18,22,1,1,1
2757,5,798,292,19,23,1,1,1
2758,5,801,290,20,23,1,1,1
2759,5,804,287,20,24,1,1,1
2760,5,807,285,21,24,1,1,1
2761,5,810,282,22,25,1,1,1
2762,5,814,280,22,26,1,1,1
2763,5,817,278,23,27,1,1,1
2764,5,820,276,24,28,1,1,1
2765,5,823,275,25,29,1,1,1
2766,5,827,272,26,30,1,1,1
2767,5,832,270,26,30,1,1,1
2768,5,837,267,26,31,1,1,1
2769,5,842,265,26,31,1,1,1
2770,5,846,262,27,32,1,1,1
2771,5,851,260,27,32,1,1,1
2772,5,856,257,27,33,1,1,1
2773,5,861,255,27,33,1,1,1
2774,5,866,253,28,33,1,1,1
2775,5,870,252,29,34,1,1,1
2776,5,874,251,30,35,1,1,1
2777,5,878,250,31,36,1,1,1
2778,5,882,249,33,37,1,1,1
2779,5,885,249,34,38,1,1,1
2780,5,888,249,35,39,1,1,1
2781,5,891,249,36,40,1,1,1
2782,5,895,249,36,41,1,1,1
2783,5,895,250,36,42,1,1,1
2784,5,896,252,36,42,1,1,1
2785,5,896,253,37,43,1,1,1
2786,5,897,255,37,43,1,1,1
2787,5,898,257,37,43,1,1,1
2788,5,897,257,37,43,1,1,1
2789,5,897,257,37,43,1,1,1
2790,5,897,257,37,43,1,1,1
2791,5,897,257,36,43,1,1,1
2792,5,897,257,36,43,1,1,1
2793,5,897,258,36,43,1,1,1
2794,5,897,259,36,44,1,1,1
2795,5,898,261,36,44,1,1,1
2796,5,899,263,35,44,1,1,1
2797,5,900,265,35,44,1,1,1
2798,5,901,267,35,44,1,1,1
2799,5,902,270,34,44,1,1,1
2800,5,903,273,33,44,1,1,1
2801,5,904,277,33,43,1,1,1
2802,5,899,278,33,43,1,1,1
2803,5,895,280,32,42,1,1,1
2804,5,890,282,32,42,1,1,1
2805,5,886,284,31,41,1,1,1
2960,5,1230,241,50,68,1,1,1
2961,5,1208,245,49,66,1,1,1
2962,5,1186,250,48,63,1,1,1
2963,5,1164,255,47,61,1,1,1
2964,5,1142,259,46,59,1,1,1
2965,5,1120,264,45,56,1,1,1
2966,5,1098,269,45,54,1,1,1
2967,5,1080,273,44,52,1,1,1
2968,5,1063,278,42,49,1,1,1
2969,5,1046,282,40,47,1,1,1
2970,5,1029,287,39,44,1,1,1
2971,5,1017,288,38,43,1,1,1
2972,5,1006,290,36,41,1,1,1
2973,5,994,292,35,39,1,1,1
2974,5,983,293,34,39,1,1,1
2975,5,971,295,33,37,1,1,1
2976,5,960,297,31,35,1,1,1
2977,5,949,299,30,34,1,1,1
2978,5,940,300,30,34,1,1,1
2979,5,931,302,30,33,1,1,1
2980,5,923,304,29,33,1,1,1
2981,5,914,306,29,32,1,1,1
2982,5,914,306,29,32,1,1,1
2983,5,506,346,123,138,1,1,1
2984,5,510,348,123,138,1,1,1
2985,5,514,350,123,138,1,1,1
2986,5,518,352,123,138,1,1,1
2987,5,522,354,123,138,1,1,1
2988,5,526,356,123,138,1,1,1
2989,5,530,358,123,138,1,1,1
2990,5,534,360,123,138,1,1,1
2991,5,538,362,123,138,1,1,1
2992,5,542,364,123,138,1,1,1
2993,5,547,366,122,138,1,1,1
2994,5,561,362,121,138,1,1,1
2995,5,576,359,120,137,1,1,1
2996,5,591,356,119,136,1,1,1
2997,5,606,353,118,136,1,1,1
2998,5,621,350,117,135,1,1,1
2999,5,635,346,116,135,1,1,1
3000,5,650,343,115,135,1,1,1
3001,5,665,340,114,134,1,1,1
3002,5,680,337,113,133,1,1,1
3003,5,695,334,112,133,1,1,1
3004,5,708,331,111,131,1,1,1
3005,5,722,328,110,130,1,1,1
3006,5,735,325,110,128,1,1,1
3007,5,749,322,109,127,1,1,1
3008,5,762,321,108,126,1,1,1
3009,5,776,321,107,125,1,1,1
3010,5,789,321,106,123,1,1,1
3011,5,803,320,105,123,1,1,1
3012,5,816,320,104,121,1,1,1
3013,5,830,320,103,120,1,1,1
3014,5,841,319,101,117,1,1,1
3015,5,853,319,98,114,1,1,1
3016,5,864,319,96,110,1,1,1
3017,5,876,319,93,107,1,1,1
3018,5,887,319,91,103,1,1,1
3019,5,899,319,88,100,1,1,1
3020,5,910,319,86,96,1,1,1
3021,5,922,319,83,93,1,1,1
3022,5,934,319,81,90,1,1,1
3023,5,939,316,79,88,1,1,1
3024,5,944,314,78,85,1,1,1
3025,5,950,312,76,82,1,1,1
3026,5,955,309,74,81,1,1,1
3027,5,961,307,72,78,1,1,1
3028,5,966,305,71,75,1,1,1
3029,5,972,303,69,73,1,1,1
3030,5,974,301,67,70,1,1,1
3031,5,976,299,65,68,1,1,1
3032,5,978,297,63,66,1,1,1
3033,5,980,295,61,64,1,1,1
3034,5,978,294,59,63,1,1,1
3035,5,977,294,57,61,1,1,1
3036,5,975,294,56,60,1,1,1
3037,5,974,294,54,58,1,1,1
3038,5,972,294,53,56,1,1,1
3039,5,971,294,51,55,1,1,1
3040,5,967,296,49,54,1,1,1
3041,5,964,299,47,52,1,1,1
3042,5,961,301,45,51,1,1,1
3043,5,958,304,43,50,1,1,1
3044,5,955,306,42,49,1,1,1
3045,5,953,309,41,47,1,1,1
3046,5,951,312,40,45,1,1,1
3047,5,948,314,39,45,1,1,1
3048,5,946,317,38,43,1,1,1
3049,5,944,320,37,41,1,1,1
3050,5,942,323,36,40,1,1,1
3051,5,941,323,35,39,1,1,1
3052,5,941,324,34,37,1,1,1
3053,5,941,325,33,35,1,1,1
3054,5,939,326,32,34,1,1,1
3055,5,937,327,32,34,1,1,1
3056,5,935,329,32,33,1,1,1
3057,5,933,330,31,32,1,1,1
3058,5,931,331,31,32,1,1,1
3059,5,930,333,30,31,1,1,1
3060,5,928,334,29,30,1,1,1
3061,5,927,335,28,29,1,1,1
3062,5,925,336,27,28,1,1,1
3063,5,924,337,26,28,1,1,1
3064,5,921,338,25,27,1,1,1
3065,5,918,339,25,27,1,1,1
3066,5,915,340,25,27,1,1,1
3067,5,913,341,23,27,1,1,1
3068,5,910,342,23,27,1,1,1
3069,5,907,343,23,26,1,1,1
3070,5,905,344,21,26,1,1,1
3071,5,902,345,21,26,1,1,1
3072,5,899,346,21,26,1,1,1
3073,5,897,348,20,25,1,1,1
3074,5,895,349,20,24,1,1,1
3075,5,893,350,20,24,1,1,1
3076,5,891,351,20,24,1,1,1
3077,5,890,352,19,24,1,1,1
3078,5,888,353,20,24,1,1,1
3079,5,886,354,20,24,1,1,1
3080,5,885,355,19,24,1,1,1
3081,5,883,356,19,24,1,1,1
3082,5,881,357,19,24,1,1,1
3083,5,880,359,19,23,1,1,1
3084,5,880,359,19,23,1,1,1
3085,5,880,359,19,23,1,1,1
3086,5,881,360,19,23,1,1,1
3087,5,881,360,19,23,1,1,1
3088,5,881,360,19,23,1,1,1
3089,5,882,361,19,23,1,1,1
3090,5,882,361,19,23,1,1,1
3091,5,882,361,19,23,1,1,1
3092,5,883,362,19,23,1,1,1
3093,5,883,362,19,23,1,1,1
3094,5,883,362,19,23,1,1,1
3095,5,883,362,19,23,1,1,1
3157,5,876,370,21,27,1,1,1
3158,5,870,368,21,27,1,1,1
3159,5,865,366,21,27,1,1,1
3160,5,860,364,21,27,1,1,1
3161,5,854,362,21,27,1,1,1
3162,5,849,360,21,27,1,1,1
3163,5,844,358,21,27,1,1,1
3164,5,838,356,21,27,1,1,1
3165,5,833,354,21,27,1,1,1
3166,5,828,352,21,27,1,1,1
3167,5,823,351,21,27,1,1,1
3168,5,817,350,21,27,1,1,1
3169,5,812,349,21,27,1,1,1
3170,5,807,348,21,27,1,1,1
3171,5,802,347,21,27,1,1,1
3172,5,797,346,21,27,1,1,1
3173,5,792,345,21,27,1,1,1
3174,5,787,344,21,27,1,1,1
3175,5,782,343,21,27,1,1,1
3176,5,777,342,21,27,1,1,1
3177,5,772,342,21,27,1,1,1
3178,5,767,340,22,27,1,1,1
3179,5,763,338,22,27,1,1,1
3180,5,759,337,22,26,1,1,1
3181,5,755,336,21,26,1,1,1
3182,5,751,335,21,26,1,1,1
3183,5,747,334,21,26,1,1,1
3184,5,743,333,21,26,1,1,1
3185,5,739,332,21,26,1,1,1
3186,5,735,331,21,26,1,1,1
3187,5,731,330,21,27,1,1,1
3188,5,728,329,21,27,1,1,1
3189,5,725,329,21,27,1,1,1
3190,5,722,329,21,27,1,1,1
3191,5,719,329,21,27,1,1,1
3192,5,716,329,22,27,1,1,1
3193,5,710,326,22,27,1,1,1
3194,5,705,324,22,27,1,1,1
3195,5,699,322,23,27,1,1,1
3196,5,694,320,23,27,1,1,1
3197,5,689,318,23,27,1,1,1
3198,5,685,316,23,27,1,1,1
3199,5,681,315,23,27,1,1,1
3200,5,677,314,23,27,1,1,1
3201,5,673,313,24,27,1,1,1
3202,5,670,312,24,27,1,1,1
3203,5,667,312,24,27,1,1,1
3204,5,665,311,24,28,1,1,1
3205,5,662,311,24,28,1,1,1
3206,5,660,311,24,28,1,1,1
3207,5,658,309,24,28,1,1,1
3208,5,657,308,24,28,1,1,1
3209,5,656,307,24,28,1,1,1
3210,5,655,306,24,28,1,1,1
3211,5,654,305,24,28,1,1,1
3212,5,653,304,23,28,1,1,1
3213,5,652,303,23,28,1,1,1
3214,5,651,302,23,28,1,1,1
3215,5,650,301,23,28,1,1,1
3216,5,649,300,23,28,1,1,1
3217,5,649,300,23,28,1,1,1
3287,5,763,180,46,54,1,1,1
3288,5,763,179,47,54,1,1,1
3289,5,764,178,47,54,1,1,1
3290,5,765,177,47,54,1,1,1
3291,5,766,176,47,54,1,1,1
3292,5,767,175,47,54,1,1,1
3293,5,768,174,47,54,1,1,1
3294,5,769,173,48,55,1,1,1
3295,5,769,173,48,55,1,1,1
3296,5,770,174,48,55,1,1,1
3297,5,771,174,48,55,1,1,1
3298,5,772,175,48,55,1,1,1
3299,5,774,177,48,55,1,1,1
3300,5,776,179,49,56,1,1,1
3301,5,778,181,49,56,1,1,1
3302,5,780,183,50,57,1,1,1
3303,5,782,185,50,57,1,1,1
3304,5,784,188,51,57,1,1,1
3305,5,790,190,51,57,1,1,1
3306,5,796,192,52,58,1,1,1
3307,5,802,195,52,57,1,1,1
3308,5,808,197,53,58,1,1,1
3309,5,815,200,53,58,1,1,1
3310,5,825,199,55,60,1,1,1
3311,5,836,198,56,62,1,1,1
3312,5,847,197,57,64,1,1,1
3313,5,858,197,59,66,1,1,1
3314,5,871,192,63,70,1,1,1
3315,5,885,187,66,75,1,1,1
3316,5,898,182,70,79,1,1,1
3317,5,912,178,74,83,1,1,1
3318,5,934,171,77,87,1,1,1
3319,5,956,164,81,91,1,1,1
3320,5,979,157,84,95,1,1,1
3321,5,1007,145,90,102,1,1,1
3322,5,1036,133,96,110,1,1,1
3323,5,1065,121,102,118,1,1,1
3324,5,1100,108,104,126,1,1,1
3325,5,1135,96,107,133,1,1,1
3375,5,1061,3,123,102,1,1,1
3376,5,1059,3,123,121,1,1,1
3377,5,1051,8,132,141,1,1,1
3378,5,1057,45,131,130,1,1,1
3379,5,1063,68,123,127,1,1,1
3380,5,1063,79,131,137,1,1,1
3381,5,1073,85,129,144,1,1,1
3382,5,1083,94,130,139,1,1,1
3383,5,1090,88,137,154,1,1,1
3384,5,1114,92,130,154,1,1,1
3385,5,1127,86,132,158,1,1,1
3386,5,1144,86,132,155,1,1,1
3387,5,1168,74,112,163,1,1,1
3388,5,1192,72,88,162,1,1,1
3392,5,657,390,11,15,1,1,1
3393,5,658,389,11,15,1,1,1
3394,5,659,389,11,15,1,1,1
3395,5,661,388,11,15,1,1,1
3396,5,662,388,11,15,1,1,1
3397,5,664,388,11,15,1,1,1
3398,5,665,387,11,15,1,1,1
3399,5,666,387,11,15,1,1,1
3400,5,668,386,11,15,1,1,1
3401,5,669,386,11,15,1,1,1
3402,5,671,386,11,15,1,1,1
3403,5,671,386,11,15,1,1,1
3404,5,671,386,11,16,1,1,1
3405,5,671,387,11,15,1,1,1
3406,5,671,387,11,16,1,1,1
3407,5,671,387,11,16,1,1,1
3408,5,671,388,12,16,1,1,1
3409,5,669,387,12,16,1,1,1
3410,5,668,386,12,16,1,1,1
3411,5,667,385,12,16,1,1,1
3412,5,666,385,12,16,1,1,1
3413,5,664,382,13,17,1,1,1
3414,5,662,380,14,18,1,1,1
3415,5,661,378,14,18,1,1,1
3416,5,659,375,15,20,1,1,1
3417,5,657,373,16,20,1,1,1
3418,5,656,371,17,21,1,1,1
3419,5,652,370,17,21,1,1,1
3420,5,649,369,17,22,1,1,1
3421,5,645,368,18,22,1,1,1
3422,5,642,368,18,22,1,1,1
3423,5,636,367,19,23,1,1,1
3424,5,630,366,21,24,1,1,1
3425,5,624,365,23,26,1,1,1
3426,5,614,363,24,27,1,1,1
3427,5,605,361,25,29,1,1,1
3428,5,595,359,27,31,1,1,1
3429,5,586,358,28,32,1,1,1
3430,5,574,356,28,33,1,1,1
3431,5,562,354,29,35,1,1,1
3432,5,550,353,30,36,1,1,1
3433,5,534,351,32,39,1,1,1
3434,5,518,349,35,42,1,1,1
3435,5,503,347,37,46,1,1,1
3436,5,486,340,40,49,1,1,1
3437,5,470,333,42,52,1,1,1
3438,5,454,326,44,55,1,1,1
3439,5,438,320,46,58,1,1,1
3440,5,424,311,48,61,1,1,1
3441,5,411,303,50,64,1,1,1
3442,5,397,294,53,68,1,1,1
3443,5,384,286,55,71,1,1,1
3444,5,370,277,58,75,1,1,1
3445,5,357,269,60,78,1,1,1
3446,5,344,261,62,81,1,1,1
3447,5,337,258,65,85,1,1,1
3448,5,330,255,68,89,1,1,1
3449,5,323,252,71,93,1,1,1
3450,5,317,250,73,96,1,1,1
3451,5,318,248,73,97,1,1,1
3452,5,319,247,74,97,1,1,1
3453,5,321,246,74,98,1,1,1
3454,5,322,245,75,98,1,1,1
3455,5,324,244,74,99,1,1,1
3456,5,325,243,75,99,1,1,1
3457,5,326,241,76,100,1,1,1
3458,5,328,240,76,101,1,1,1
3459,5,329,239,76,101,1,1,1
3460,5,331,238,76,102,1,1,1
3461,5,332,237,77,102,1,1,1
3462,5,334,236,77,103,1,1,1
3463,5,344,239,75,100,1,1,1
3464,5,354,243,73,97,1,1,1
3465,5,364,247,71,94,1,1,1
3466,5,374,251,69,91,1,1,1
3467,5,384,255,67,88,1,1,1
3468,5,394,259,65,85,1,1,1
3469,5,404,263,63,82,1,1,1
3470,5,414,267,61,79,1,1,1
3471,5,424,271,59,76,1,1,1
3472,5,434,275,57,73,1,1,1
3473,5,444,277,56,70,1,1,1
3474,5,455,279,54,68,1,1,1
3475,5,465,281,53,66,1,1,1
3476,5,476,284,51,63,1,1,1
3477,5,487,286,50,61,1,1,1
3478,5,497,288,49,59,1,1,1
3479,5,508,291,47,56,1,1,1
3480,5,518,293,46,54,1,1,1
3481,5,529,295,44,52,1,1,1
3482,5,540,298,43,49,1,1,1
3483,5,547,299,42,48,1,1,1
3484,5,555,301,40,46,1,1,1
3485,5,562,302,39,46,1,1,1
3486,5,570,304,37,44,1,1,1
3487,5,577,306,37,43,1,1,1
3488,5,585,307,35,42,1,1,1
3489,5,592,309,34,40,1,1,1
3490,5,600,310,32,40,1,1,1
3491,5,607,312,31,38,1,1,1
3492,5,615,314,30,37,1,1,1
3493,5,619,314,30,37,1,1,1
3494,5,623,315,30,36,1,1,1
3495,5,627,316,30,36,1,1,1
3496,5,631,317,30,35,1,1,1
3497,5,635,318,30,35,1,1,1
3498,5,639,319,30,34,1,1,1
3499,5,639,319,30,34,1,1,1
3572,5,583,393,24,30,1,1,1
3573,5,581,390,24,30,1,1,1
3574,5,580,387,24,30,1,1,1
3575,5,579,385,23,30,1,1,1
3576,5,578,382,23,30,1,1,1
3577,5,577,380,23,30,1,1,1
3578,5,574,376,23,30,1,1,1
3579,5,572,373,23,30,1,1,1
3580,5,569,370,23,30,1,1,1
3581,5,567,367,23,30,1,1,1
3582,5,565,364,23,30,1,1,1
3583,5,559,361,24,30,1,1,1
3584,5,554,358,24,30,1,1,1
3585,5,549,355,24,31,1,1,1
3586,5,544,353,25,30,1,1,1
3587,5,539,350,25,31,1,1,1
3588,5,534,347,25,31,1,1,1
3589,5,529,345,26,31,1,1,1
3590,5,521,342,26,32,1,1,1
3591,5,513,340,26,32,1,1,1
3592,5,505,337,26,33,1,1,1
3593,5,497,335,26,33,1,1,1
3594,5,489,333,27,34,1,1,1
3595,5,478,331,28,34,1,1,1
3596,5,468,330,28,34,1,1,1
3597,5,458,329,29,34,1,1,1
3598,5,448,327,29,35,1,1,1
3599,5,438,326,29,35,1,1,1
3600,5,428,325,30,35,1,1,1
3601,5,413,323,32,36,1,1,1
3602,5,399,321,33,38,1,1,1
3603,5,385,320,34,39,1,1,1
3604,5,371,318,35,41,1,1,1
3605,5,357,317,36,42,1,1,1
3606,5,339,317,37,43,1,1,1
3607,5,322,317,38,45,1,1,1
3608,5,304,318,40,46,1,1,1
3609,5,287,318,41,48,1,1,1
3610,5,270,319,42,49,1,1,1
3611,5,247,320,44,52,1,1,1
3612,5,225,322,46,55,1,1,1
3613,5,202,324,49,58,1,1,1
3614,5,180,326,51,60,1,1,1
3615,5,157,327,53,64,1,1,1
3616,5,135,329,55,67,1,1,1
3617,5,113,331,57,69,1,1,1
3618,5,90,333,60,72,1,1,1
3619,5,68,334,61,76,1,1,1
3620,5,45,336,64,78,1,1,1
3621,5,23,338,66,81,1,1,1
3869,5,713,366,23,25,1,1,1
3870,5,714,366,23,25,1,1,1
3871,5,715,366,23,25,1,1,1
3872,5,717,366,23,25,1,1,1
3873,5,718,366,23,25,1,1,1
3874,5,720,366,23,25,1,1,1
3875,5,721,366,23,25,1,1,1
3876,5,722,366,23,25,1,1,1
3877,5,724,366,23,25,1,1,1
3878,5,725,366,23,25,1,1,1
3879,5,727,367,23,25,1,1,1
3880,5,731,367,24,25,1,1,1
3881,5,736,368,24,25,1,1,1
3882,5,741,369,24,25,1,1,1
3883,5,744,369,24,25,1,1,1
3884,5,747,370,24,25,1,1,1
3885,5,750,371,24,25,1,1,1
3886,5,753,372,24,25,1,1,1
3887,5,757,373,24,25,1,1,1
3888,5,757,373,24,24,1,1,1
3889,5,758,373,24,24,1,1,1
3890,5,759,373,23,24,1,1,1
3891,5,760,373,23,24,1,1,1
3892,5,761,373,23,24,1,1,1
3893,5,761,371,23,24,1,1,1
3894,5,762,369,23,24,1,1,1
3895,5,763,367,23,24,1,1,1
3896,5,763,365,23,25,1,1,1
3897,5,764,363,23,25,1,1,1
3898,5,765,361,23,25,1,1,1
3899,5,766,360,23,25,1,1,1
3900,5,765,358,23,25,1,1,1
3901,5,764,356,23,25,1,1,1
3902,5,763,354,23,25,1,1,1
3903,5,762,353,23,25,1,1,1
3904,5,762,351,23,25,1,1,1
3905,5,761,349,23,25,1,1,1
3906,5,760,348,23,25,1,1,1
3907,5,759,346,23,25,1,1,1
3908,5,758,344,23,25,1,1,1
3909,5,758,343,23,25,1,1,1
3910,5,758,342,22,25,1,1,1
3911,5,758,341,22,25,1,1,1
3912,5,758,340,22,25,1,1,1
3913,5,758,339,22,25,1,1,1
3914,5,758,339,22,24,1,1,1
3915,5,758,338,21,24,1,1,1
3916,5,758,337,21,24,1,1,1
3917,5,758,336,21,24,1,1,1
3918,5,758,335,21,24,1,1,1
3919,5,758,335,21,24,1,1,1
3920,5,759,334,21,24,1,1,1
3921,5,760,334,21,24,1,1,1
3922,5,761,333,21,24,1,1,1
3923,5,762,333,21,24,1,1,1
3924,5,763,332,21,25,1,1,1
3925,5,764,332,21,24,1,1,1
3926,5,765,331,21,25,1,1,1
3927,5,766,331,21,24,1,1,1
3928,5,767,330,21,25,1,1,1
3929,5,769,330,21,25,1,1,1
3930,5,771,329,21,25,1,1,1
3931,5,773,329,21,25,1,1,1
3932,5,775,328,21,26,1,1,1
3933,5,777,328,21,26,1,1,1
3934,5,779,327,22,27,1,1,1
3935,5,781,327,22,26,1,1,1
3936,5,783,326,22,27,1,1,1
3937,5,785,326,22,27,1,1,1
3938,5,787,325,22,28,1,1,1
3939,5,790,325,22,28,1,1,1
3940,5,792,325,22,28,1,1,1
3941,5,794,325,22,28,1,1,1
3942,5,796,325,22,28,1,1,1
3943,5,798,325,22,28,1,1,1
3944,5,801,325,22,28,1,1,1
3945,5,803,325,22,28,1,1,1
3946,5,805,325,22,28,1,1,1
3947,5,807,325,22,28,1,1,1
3948,5,809,325,22,28,1,1,1
3949,5,812,325,22,28,1,1,1
3950,5,813,325,22,28,1,1,1
3951,5,815,325,22,28,1,1,1
3952,5,816,325,22,28,1,1,1
3953,5,818,325,22,28,1,1,1
3954,5,819,325,22,28,1,1,1
3955,5,821,325,22,28,1,1,1
3956,5,822,325,22,28,1,1,1
3957,5,824,325,22,28,1,1,1
3958,5,825,325,22,28,1,1,1
3959,5,827,326,22,28,1,1,1
3960,5,828,325,22,28,1,1,1
3961,5,829,324,23,29,1,1,1
3962,5,830,323,24,29,1,1,1
3963,5,831,322,24,30,1,1,1
3964,5,833,322,24,30,1,1,1
3965,5,834,321,25,30,1,1,1
3966,5,835,320,25,31,1,1,1
3967,5,836,319,26,31,1,1,1
3968,5,837,318,27,32,1,1,1
3969,5,839,318,27,32,1,1,1
3970,5,839,317,27,32,1,1,1
3971,5,840,317,27,32,1,1,1
3972,5,840,316,27,32,1,1,1
3973,5,841,316,27,32,1,1,1
3974,5,841,316,27,32,1,1,1
3975,5,842,315,27,32,1,1,1
3976,5,842,315,27,32,1,1,1
3977,5,843,314,27,32,1,1,1
3978,5,843,314,27,32,1,1,1
3979,5,844,314,27,32,1,1,1
3980,5,842,312,27,32,1,1,1
3981,5,841,311,27,32,1,1,1
3982,5,839,310,27,32,1,1,1
3983,5,838,309,27,32,1,1,1
3984,5,838,309,27,32,1,1,1
4016,5,1214,244,66,117,1,1,1
4017,5,1213,236,67,116,1,1,1
4018,5,1200,238,80,112,1,1,1
4019,5,1180,209,100,135,1,1,1
4020,5,1172,209,99,133,1,1,1
4021,5,1165,209,98,131,1,1,1
4022,5,1157,210,98,128,1,1,1
4023,5,1150,210,97,126,1,1,1
4024,5,1143,211,96,123,1,1,1
4025,5,1135,211,96,121,1,1,1
4026,5,1128,211,95,119,1,1,1
4027,5,1120,212,95,116,1,1,1
4028,5,1113,212,94,114,1,1,1
4029,5,1106,213,93,111,1,1,1
4030,5,1099,210,91,109,1,1,1
4031,5,1092,207,90,108,1,1,1
4032,5,1085,204,89,106,1,1,1
4033,5,1079,202,87,104,1,1,1
4034,5,1072,199,86,102,1,1,1
4035,5,1065,196,85,101,1,1,1
4036,5,1059,194,83,98,1,1,1
4037,5,1052,191,82,97,1,1,1
4038,5,1045,188,81,95,1,1,1
4039,5,1039,186,79,93,1,1,1
4040,5,1032,185,79,91,1,1,1
4041,5,1026,185,79,89,1,1,1
4042,5,1020,184,78,87,1,1,1
4043,5,1020,184,78,87,1,1,1
4125,5,2,72,97,138,1,1,1
4126,5,42,85,95,133,1,1,1
4127,5,83,99,92,127,1,1,1
4128,5,124,113,89,121,1,1,1
4129,5,165,127,86,115,1,1,1
4130,5,206,141,83,109,1,1,1
4131,5,240,154,80,103,1,1,1
4132,5,275,168,76,96,1,1,1
4133,5,309,182,73,90,1,1,1
4134,5,344,196,69,83,1,1,1
4135,5,379,210,66,77,1,1,1
4136,5,402,217,64,75,1,1,1
4137,5,425,225,62,73,1,1,1
4138,5,448,233,61,70,1,1,1
4139,5,471,241,59,68,1,1,1
4140,5,495,249,57,66,1,1,1
4141,5,512,255,54,63,1,1,1
4142,5,529,261,52,60,1,1,1
4143,5,546,267,50,58,1,1,1
4144,5,563,273,48,55,1,1,1
4145,5,581,280,45,52,1,1,1
4146,5,593,285,44,50,1,1,1
4147,5,606,290,42,49,1,1,1
4148,5,618,295,42,48,1,1,1
4149,5,631,300,40,46,1,1,1
4150,5,643,305,39,45,1,1,1
4151,5,656,310,38,44,1,1,1
4152,5,665,314,36,43,1,1,1
4153,5,674,319,34,41,1,1,1
4154,5,683,324,32,39,1,1,1
4155,5,692,329,31,38,1,1,1
4156,5,697,331,31,38,1,1,1
4157,5,703,333,30,38,1,1,1
4158,5,709,336,29,37,1,1,1
4159,5,715,338,29,37,1,1,1
4160,5,721,341,28,36,1,1,1
4161,5,726,343,28,36,1,1,1
4162,5,732,345,28,36,1,1,1
4163,5,738,348,27,35,1,1,1
4164,5,744,350,26,35,1,1,1
4165,5,750,353,26,34,1,1,1
4166,5,750,354,26,33,1,1,1
4167,5,751,355,26,33,1,1,1
4168,5,752,356,26,32,1,1,1
4169,5,753,358,26,31,1,1,1
4170,5,754,359,26,31,1,1,1
4171,5,755,360,25,30,1,1,1
4172,5,756,362,25,29,1,1,1
4173,5,757,363,25,28,1,1,1
4174,5,758,364,25,28,1,1,1
4175,5,759,366,25,27,1,1,1
4176,5,759,367,24,26,1,1,1
4177,5,759,368,24,26,1,1,1
4178,5,759,369,24,25,1,1,1
4179,5,760,370,23,25,1,1,1
4180,5,760,371,23,25,1,1,1
4181,5,760,372,23,24,1,1,1
4182,5,761,373,22,24,1,1,1
4183,5,761,374,22,23,1,1,1
4184,5,761,375,22,23,1,1,1
4185,5,762,376,21,23,1,1,1
4186,5,762,376,20,23,1,1,1
4187,5,762,377,20,23,1,1,1
4188,5,762,378,20,23,1,1,1
4189,5,762,379,20,23,1,1,1
4190,5,762,380,20,23,1,1,1
4191,5,762,380,20,23,1,1,1
4192,5,762,381,20,23,1,1,1
4193,5,762,382,20,23,1,1,1
4194,5,762,383,20,23,1,1,1
4195,5,763,384,19,23,1,1,1
4196,5,762,384,19,23,1,1,1
4197,5,762,385,19,23,1,1,1
4198,5,762,386,19,23,1,1,1
4199,5,762,387,19,23,1,1,1
4200,5,762,388,19,23,1,1,1
4201,5,762,388,19,23,1,1,1
4202,5,762,389,19,23,1,1,1
4203,5,762,390,19,23,1,1,1
4204,5,762,391,19,23,1,1,1
4205,5,762,392,19,23,1,1,1
4206,5,762,392,19,23,1,1,1
4207,5,762,393,19,23,1,1,1
4208,5,762,393,19,23,1,1,1
4209,5,762,394,19,23,1,1,1
4210,5,762,394,19,23,1,1,1
4211,5,762,395,19,23,1,1,1
4212,5,762,395,19,23,1,1,1
4213,5,762,396,19,23,1,1,1
4214,5,762,396,19,23,1,1,1
4215,5,763,397,19,23,1,1,1
4216,5,763,397,19,23,1,1,1
4217,5,764,397,19,23,1,1,1
4218,5,765,397,19,23,1,1,1
4219,5,765,397,19,23,1,1,1
4353,5,1225,152,57,75,1,1,1
4354,5,1216,153,57,74,1,1,1
4355,5,1208,155,56,72,1,1,1
4356,5,1199,157,56,71,1,1,1
4357,5,1191,159,56,69,1,1,1
4358,5,1182,161,56,68,1,1,1
4359,5,1174,162,55,67,1,1,1
4360,5,1165,164,56,65,1,1,1
4361,5,1157,166,55,64,1,1,1
4362,5,1148,168,55,62,1,1,1
4363,5,1140,170,55,61,1,1,1
4364,5,1133,171,55,61,1,1,1
4365,5,1127,173,54,60,1,1,1
4366,5,1120,174,54,60,1,1,1
4367,5,1114,176,53,59,1,1,1
4368,5,1107,177,53,59,1,1,1
4369,5,1101,179,52,58,1,1,1
4370,5,1094,180,52,58,1,1,1
4371,5,1088,182,51,57,1,1,1
4372,5,1081,183,51,57,1,1,1
4373,5,1075,185,50,56,1,1,1
4374,5,1071,186,49,55,1,1,1
4375,5,1067,188,49,54,1,1,1
4376,5,1064,189,48,54,1,1,1
4377,5,1060,191,48,53,1,1,1
4378,5,1057,192,47,53,1,1,1
4379,5,1053,194,46,51,1,1,1
4380,5,1049,195,46,51,1,1,1
4381,5,1046,197,45,50,1,1,1
4382,5,1042,198,45,50,1,1,1
4383,5,1039,200,44,49,1,1,1
4384,5,1035,200,44,49,1,1,1
4385,5,1032,200,43,49,1,1,1
4386,5,1028,200,44,49,1,1,1
4387,5,1025,200,43,49,1,1,1
4388,5,1021,201,44,48,1,1,1
4389,5,1018,201,43,48,1,1,1
4390,5,1014,201,43,48,1,1,1
4391,5,1011,201,43,48,1,1,1
4392,5,1007,201,43,48,1,1,1
4393,5,1004,202,43,47,1,1,1
4394,5,997,201,43,47,1,1,1
4395,5,991,200,43,47,1,1,1
4396,5,984,199,43,47,1,1,1
4397,5,984,199,43,47,1,1,1
4430,5,872,269,65,80,1,1,1
4431,5,854,271,63,77,1,1,1
4432,5,836,273,61,74,1,1,1
4433,5,818,275,60,71,1,1,1
4434,5,800,277,58,68,1,1,1
4435,5,782,279,57,65,1,1,1
4436,5,768,281,55,62,1,1,1
4437,5,754,283,54,59,1,1,1
4438,5,741,285,52,56,1,1,1
4439,5,728,288,50,54,1,1,1
4440,5,715,291,48,52,1,1,1
4441,5,702,294,47,51,1,1,1
4442,5,694,295,45,50,1,1,1
4443,5,686,296,44,49,1,1,1
4444,5,679,298,42,47,1,1,1
4445,5,671,299,41,46,1,1,1
4446,5,664,301,39,44,1,1,1
4447,5,660,302,38,43,1,1,1
4448,5,656,303,37,42,1,1,1
4449,5,652,304,36,41,1,1,1
4450,5,648,305,35,40,1,1,1
4451,5,645,307,33,39,1,1,1
4452,5,644,308,32,38,1,1,1
4453,5,644,310,31,37,1,1,1
4454,5,643,312,30,35,1,1,1
4455,5,643,313,29,35,1,1,1
4456,5,642,315,28,33,1,1,1
4457,5,642,317,27,32,1,1,1
4458,5,642,319,26,31,1,1,1
4459,5,642,320,25,30,1,1,1
4460,5,642,322,25,28,1,1,1
4461,5,642,322,25,28,1,1,1
4462,5,649,147,38,45,1,1,1
4463,5,649,146,38,45,1,1,1
4464,5,649,146,38,45,1,1,1
4465,5,650,146,37,45,1,1,1
4466,5,650,146,38,45,1,1,1
4467,5,651,146,37,45,1,1,1
4468,5,651,145,37,45,1,1,1
4469,5,651,145,38,45,1,1,1
4470,5,652,145,37,45,1,1,1
4471,5,652,145,37,45,1,1,1
4472,5,653,145,37,45,1,1,1
4473,5,653,144,37,45,1,1,1
4474,5,653,144,37,45,1,1,1
4475,5,654,143,37,45,1,1,1
4476,5,654,143,37,45,1,1,1
4477,5,655,142,37,45,1,1,1
4478,5,655,142,37,45,1,1,1
4479,5,655,141,37,45,1,1,1
4480,5,656,141,37,45,1,1,1
4481,5,656,140,37,45,1,1,1
4482,5,657,140,37,45,1,1,1
4483,5,657,139,37,45,1,1,1
4484,5,657,138,37,45,1,1,1
4485,5,657,138,37,45,1,1,1
4486,5,657,137,37,45,1,1,1
4487,5,657,137,37,45,1,1,1
4488,5,657,136,37,45,1,1,1
4489,5,657,135,37,45,1,1,1
4490,5,657,135,37,45,1,1,1
4491,5,657,134,37,45,1,1,1
4492,5,657,134,37,45,1,1,1
4493,5,657,133,37,45,1,1,1
4494,5,657,133,37,45,1,1,1
4495,5,657,132,37,45,1,1,1
4496,5,657,132,37,45,1,1,1
4497,5,657,131,37,45,1,1,1
4498,5,657,131,37,45,1,1,1
4499,5,657,130,37,45,1,1,1
4500,5,657,130,37,45,1,1,1
4501,5,657,129,37,45,1,1,1
4502,5,657,129,37,45,1,1,1
4503,5,657,128,37,45,1,1,1
4504,5,657,128,37,45,1,1,1
4505,5,657,127,37,45,1,1,1
4506,5,657,127,37,45,1,1,1
4507,5,657,126,37,45,1,1,1
4508,5,657,126,37,45,1,1,1
4509,5,657,125,37,45,1,1,1
4510,5,657,125,37,45,1,1,1
4511,5,657,124,37,45,1,1,1
4512,5,658,124,37,45,1,1,1
4513,5,658,124,37,45,1,1,1
4514,5,658,124,37,45,1,1,1
4515,5,658,124,37,45,1,1,1
4516,5,658,124,37,45,1,1,1
4517,5,659,124,37,45,1,1,1
4518,5,659,124,37,45,1,1,1
4519,5,659,124,37,45,1,1,1
4520,5,659,124,37,45,1,1,1
4521,5,659,124,37,45,1,1,1
4522,5,660,124,37,45,1,1,1
4523,5,660,123,37,45,1,1,1
4524,5,660,123,37,45,1,1,1
4525,5,660,122,37,45,1,1,1
4526,5,660,122,37,45,1,1,1
4527,5,660,122,37,45,1,1,1
4528,5,660,121,37,45,1,1,1
4529,5,660,121,37,45,1,1,1
4530,5,660,120,37,45,1,1,1
4531,5,660,120,37,45,1,1,1
4532,5,660,120,37,45,1,1,1
4533,5,660,119,37,45,1,1,1
4534,5,660,119,37,45,1,1,1
4535,5,661,118,37,45,1,1,1
4536,5,661,118,37,45,1,1,1
4537,5,661,117,37,45,1,1,1
4538,5,661,117,37,45,1,1,1
