1,2,795,158,73,91,1,1,1
2,2,798,158,73,91,1,1,1
3,2,802,159,73,91,1,1,1
4,2,805,159,73,91,1,1,1
5,2,809,160,73,91,1,1,1
6,2,812,160,73,91,1,1,1
7,2,816,161,73,91,1,1,1
8,2,819,161,73,91,1,1,1
9,2,823,162,73,91,1,1,1
10,2,826,162,73,91,1,1,1
11,2,830,163,73,91,1,1,1
12,2,831,162,73,92,1,1,1
13,2,833,162,72,92,1,1,1
14,2,834,162,73,92,1,1,1
15,2,836,162,72,92,1,1,1
16,2,837,162,73,92,1,1,1
17,2,839,162,72,92,1,1,1
18,2,841,162,72,92,1,1,1
19,2,839,161,72,92,1,1,1
20,2,837,161,72,91,1,1,1
21,2,835,161,73,91,1,1,1
22,2,835,158,73,91,1,1,1
23,2,836,155,73,91,1,1,1
24,2,836,152,73,91,1,1,1
25,2,837,149,73,91,1,1,1
26,2,837,146,73,91,1,1,1
27,2,838,144,73,91,1,1,1
28,2,841,145,73,91,1,1,1
29,2,844,146,73,91,1,1,1
30,2,847,147,73,91,1,1,1
31,2,850,148,73,91,1,1,1
32,2,852,148,73,91,1,1,1
33,2,854,149,73,91,1,1,1
34,2,857,150,73,91,1,1,1
35,2,859,150,73,91,1,1,1
36,2,862,151,73,91,1,1,1
37,2,864,152,73,91,1,1,1
38,2,866,152,73,91,1,1,1
39,2,869,153,73,91,1,1,1
40,2,871,154,73,91,1,1,1
41,2,874,155,73,91,1,1,1
42,2,872,155,73,91,1,1,1
43,2,870,156,73,91,1,1,1
44,2,868,157,73,91,1,1,1
45,2,867,158,72,91,1,1,1
46,2,865,159,72,91,1,1,1
47,2,863,160,72,91,1,1,1
48,2,862,161,72,91,1,1,1
49,2,857,159,72,91,1,1,1
50,2,852,157,73,91,1,1,1
51,2,848,155,72,91,1,1,1
52,2,843,153,73,91,1,1,1
53,2,838,151,73,91,1,1,1
54,2,834,150,73,91,1,1,1
55,2,831,151,73,91,1,1,1
56,2,828,153,73,91,1,1,1
57,2,825,155,73,91,1,1,1
58,2,825,155,73,91,1,1,1
59,2,536,261,24,30,1,1,1
60,2,537,260,24,30,1,1,1
61,2,539,259,24,30,1,1,1
62,2,540,258,24,30,1,1,1
63,2,542,258,24,30,1,1,1
64,2,542,257,24,29,1,1,1
65,2,542,256,24,29,1,1,1
66,2,542,255,24,29,1,1,1
67,2,542,254,24,29,1,1,1
68,2,542,253,24,29,1,1,1
69,2,542,252,24,29,1,1,1
70,2,541,251,24,29,1,1,1
71,2,540,251,24,29,1,1,1
72,2,539,250,24,30,1,1,1
73,2,538,250,24,30,1,1,1
90,2,564,247,26,31,1,1,1
91,2,568,248,26,31,1,1,1
92,2,572,250,26,30,1,1,1
93,2,576,252,26,30,1,1,1
94,2,580,253,26,30,1,1,1
95,2,584,255,26,29,1,1,1
96,2,588,257,26,29,1,1,1
97,2,591,258,26,29,1,1,1
98,2,594,259,26,29,1,1,1
99,2,598,261,26,29,1,1,1
100,2,601,262,26,29,1,1,1
101,2,605,264,26,29,1,1,1
102,2,607,265,26,29,1,1,1
103,2,609,266,26,29,1,1,1
104,2,611,268,26,29,1,1,1
105,2,613,269,26,29,1,1,1
106,2,616,271,26,29,1,1,1
107,2,617,272,26,29,1,1,1
108,2,618,273,26,29,1,1,1
109,2,620,275,26,29,1,1,1
110,2,621,276,26,29,1,1,1
111,2,622,277,26,29,1,1,1
112,2,624,279,26,29,1,1,1
113,2,624,280,26,29,1,1,1
114,2,625,281,26,29,1,1,1
115,2,626,283,26,29,1,1,1
116,2,627,284,26,29,1,1,1
117,2,628,285,26,29,1,1,1
118,2,628,285,26,29,1,1,1
119,2,201,212,61,73,1,1,1
120,2,199,212,61,73,1,1,1
121,2,198,213,61,73,1,1,1
122,2,196,213,61,73,1,1,1
123,2,195,214,61,73,1,1,1
124,2,193,215,61,73,1,1,1
125,2,192,215,61,73,1,1,1
126,2,190,216,61,73,1,1,1
127,2,189,216,61,73,1,1,1
128,2,187,217,61,73,1,1,1
129,2,186,218,61,73,1,1,1
130,2,189,218,61,73,1,1,1
131,2,193,218,61,73,1,1,1
132,2,197,218,61,73,1,1,1
133,2,201,218,61,73,1,1,1
134,2,205,219,61,73,1,1,1
135,2,208,219,61,73,1,1,1
136,2,212,219,61,73,1,1,1
137,2,216,219,61,73,1,1,1
138,2,220,219,61,73,1,1,1
139,2,224,220,61,73,1,1,1
140,2,225,219,61,73,1,1,1
141,2,226,219,61,73,1,1,1
142,2,227,219,61,73,1,1,1
143,2,229,219,61,73,1,1,1
144,2,230,219,61,73,1,1,1
145,2,231,218,61,73,1,1,1
146,2,233,218,61,73,1,1,1
147,2,234,218,61,73,1,1,1
148,2,235,218,61,73,1,1,1
149,2,237,218,61,73,1,1,1
150,2,237,218,61,73,1,1,1
151,2,237,218,61,73,1,1,1
152,2,237,218,61,73,1,1,1
153,2,238,218,61,73,1,1,1
154,2,238,218,61,73,1,1,1
155,2,238,218,61,73,1,1,1
156,2,239,218,61,73,1,1,1
157,2,239,218,61,73,1,1,1
158,2,239,218,61,73,1,1,1
159,2,240,219,61,73,1,1,1
160,2,240,221,61,73,1,1,1
161,2,241,223,61,73,1,1,1
162,2,242,225,61,73,1,1,1
163,2,243,227,61,73,1,1,1
164,2,244,229,61,73,1,1,1
165,2,244,231,61,73,1,1,1
166,2,245,233,61,73,1,1,1
167,2,246,235,61,73,1,1,1
168,2,247,237,61,73,1,1,1
169,2,248,240,61,73,1,1,1
170,2,249,236,61,73,1,1,1
171,2,250,232,61,73,1,1,1
172,2,251,228,61,73,1,1,1
173,2,252,224,61,73,1,1,1
174,2,253,220,61,73,1,1,1
175,2,254,216,61,73,1,1,1
176,2,255,212,61,73,1,1,1
177,2,256,208,61,73,1,1,1
178,2,257,204,61,73,1,1,1
179,2,258,200,61,73,1,1,1
180,2,258,200,61,73,1,1,1
318,2,9,270,75,93,1,1,1
319,2,34,277,71,87,1,1,1
320,2,59,284,68,81,1,1,1
321,2,84,291,65,76,1,1,1
322,2,104,294,63,72,1,1,1
323,2,124,297,61,68,1,1,1
324,2,144,300,59,65,1,1,1
325,2,161,301,57,64,1,1,1
326,2,178,302,56,64,1,1,1
327,2,195,304,55,63,1,1,1
328,2,212,306,52,60,1,1,1
329,2,229,308,50,58,1,1,1
330,2,246,310,48,56,1,1,1
331,2,256,310,48,56,1,1,1
332,2,267,310,48,56,1,1,1
333,2,278,311,48,56,1,1,1
334,2,288,312,47,54,1,1,1
335,2,299,313,45,52,1,1,1
336,2,309,314,44,50,1,1,1
337,2,320,316,42,48,1,1,1
338,2,329,317,42,48,1,1,1
339,2,338,318,42,48,1,1,1
340,2,347,319,42,48,1,1,1
341,2,357,321,42,48,1,1,1
342,2,371,322,40,46,1,1,1
343,2,385,324,38,44,1,1,1
344,2,399,326,36,41,1,1,1
345,2,413,328,35,39,1,1,1
346,2,427,327,35,39,1,1,1
347,2,442,326,35,39,1,1,1
348,2,457,325,35,39,1,1,1
349,2,473,324,34,39,1,1,1
350,2,490,324,33,39,1,1,1
351,2,506,324,33,38,1,1,1
566,2,585,418,19,24,1,1,1
567,2,585,417,19,24,1,1,1
568,2,586,417,19,24,1,1,1
569,2,587,416,19,24,1,1,1
570,2,588,416,19,24,1,1,1
571,2,588,416,19,24,1,1,1
572,2,589,416,19,24,1,1,1
573,2,590,416,19,24,1,1,1
574,2,592,415,17,22,1,1,1
575,2,594,414,15,21,1,1,1
576,2,596,413,14,20,1,1,1
577,2,596,412,14,20,1,1,1
578,2,597,412,14,20,1,1,1
579,2,597,412,14,20,1,1,1
580,2,598,412,14,20,1,1,1
581,2,598,412,14,20,1,1,1
582,2,599,412,14,20,1,1,1
583,2,598,410,14,20,1,1,1
584,2,598,408,14,20,1,1,1
585,2,598,407,14,20,1,1,1
586,2,597,405,14,20,1,1,1
587,2,597,403,14,20,1,1,1
588,2,597,402,14,20,1,1,1
589,2,595,402,14,20,1,1,1
590,2,594,402,14,20,1,1,1
591,2,593,403,14,20,1,1,1
592,2,591,403,14,20,1,1,1
593,2,590,403,14,20,1,1,1
594,2,589,404,14,20,1,1,1
595,2,589,404,14,20,1,1,1
596,2,589,405,14,20,1,1,1
597,2,590,405,14,20,1,1,1
598,2,590,406,14,20,1,1,1
599,2,590,406,14,20,1,1,1
600,2,591,407,14,20,1,1,1
601,2,592,406,14,20,1,1,1
602,2,594,405,14,20,1,1,1
603,2,596,404,14,20,1,1,1
604,2,596,403,14,20,1,1,1
605,2,597,402,14,20,1,1,1
606,2,597,401,14,20,1,1,1
607,2,598,400,14,20,1,1,1
608,2,599,400,14,20,1,1,1
609,2,599,398,15,21,1,1,1
610,2,600,397,15,22,1,1,1
611,2,600,396,16,22,1,1,1
612,2,601,395,17,23,1,1,1
613,2,601,394,18,23,1,1,1
614,2,602,393,18,24,1,1,1
615,2,603,392,19,25,1,1,1
616,2,602,391,19,25,1,1,1
617,2,601,390,19,25,1,1,1
618,2,601,390,19,25,1,1,1
619,2,600,389,19,25,1,1,1
620,2,599,388,19,25,1,1,1
621,2,599,388,19,25,1,1,1
622,2,598,387,19,25,1,1,1
623,2,597,387,19,25,1,1,1
624,2,596,387,19,25,1,1,1
625,2,596,386,19,25,1,1,1
626,2,595,386,19,25,1,1,1
627,2,594,386,19,25,1,1,1
628,2,594,386,19,25,1,1,1
629,2,594,384,19,25,1,1,1
630,2,594,383,19,25,1,1,1
631,2,594,382,19,25,1,1,1
632,2,594,381,19,25,1,1,1
633,2,594,379,19,25,1,1,1
634,2,594,378,19,25,1,1,1
635,2,594,377,19,25,1,1,1
636,2,595,376,19,25,1,1,1
637,2,595,375,19,25,1,1,1
638,2,596,375,19,25,1,1,1
639,2,596,375,19,25,1,1,1
640,2,597,375,19,25,1,1,1
641,2,598,375,19,25,1,1,1
642,2,599,375,19,25,1,1,1
643,2,601,375,19,25,1,1,1
644,2,602,375,19,25,1,1,1
645,2,604,375,19,25,1,1,1
646,2,605,375,19,25,1,1,1
647,2,607,375,19,25,1,1,1
648,2,608,375,19,25,1,1,1
649,2,610,375,19,25,1,1,1
650,2,610,375,19,25,1,1,1
651,2,909,244,106,160,1,1,1
652,2,909,248,106,160,1,1,1
653,2,909,252,106,160,1,1,1
654,2,910,257,106,160,1,1,1
655,2,910,261,106,160,1,1,1
656,2,911,266,106,160,1,1,1
657,2,911,270,106,160,1,1,1
658,2,912,275,106,160,1,1,1
659,2,915,270,106,160,1,1,1
660,2,919,266,106,160,1,1,1
661,2,923,261,106,160,1,1,1
662,2,927,257,106,160,1,1,1
663,2,931,252,106,160,1,1,1
664,2,935,248,106,160,1,1,1
665,2,938,247,106,160,1,1,1
666,2,941,247,106,160,1,1,1
667,2,944,247,106,160,1,1,1
668,2,947,247,106,160,1,1,1
669,2,950,247,106,160,1,1,1
670,2,954,247,106,160,1,1,1
671,2,955,250,107,162,1,1,1
672,2,956,253,109,165,1,1,1
673,2,958,256,110,168,1,1,1
674,2,959,259,112,170,1,1,1
675,2,961,263,113,172,1,1,1
676,2,962,266,115,175,1,1,1
677,2,964,269,116,177,1,1,1
678,2,965,272,118,180,1,1,1
679,2,965,272,118,180,1,1,1
680,2,739,282,31,41,1,1,1
681,2,740,282,31,41,1,1,1
682,2,741,282,31,41,1,1,1
683,2,742,282,31,41,1,1,1
684,2,744,282,31,41,1,1,1
685,2,745,283,31,41,1,1,1
686,2,746,283,31,41,1,1,1
687,2,748,283,31,41,1,1,1
688,2,749,283,31,41,1,1,1
689,2,750,283,31,41,1,1,1
690,2,752,284,31,41,1,1,1
691,2,753,283,31,40,1,1,1
692,2,755,282,31,40,1,1,1
693,2,757,281,31,40,1,1,1
694,2,759,281,30,38,1,1,1
695,2,761,280,30,38,1,1,1
696,2,762,279,31,38,1,1,1
697,2,764,279,30,36,1,1,1
698,2,766,278,30,36,1,1,1
699,2,768,277,30,36,1,1,1
700,2,770,277,30,35,1,1,1
701,2,769,277,30,35,1,1,1
702,2,768,277,30,35,1,1,1
703,2,767,277,30,36,1,1,1
704,2,766,278,30,35,1,1,1
705,2,765,278,30,36,1,1,1
706,2,764,278,30,36,1,1,1
707,2,763,279,30,35,1,1,1
708,2,762,279,30,36,1,1,1
709,2,761,279,30,36,1,1,1
710,2,761,280,30,36,1,1,1
711,2,760,280,30,36,1,1,1
712,2,760,280,30,36,1,1,1
713,2,759,280,30,36,1,1,1
714,2,759,280,30,36,1,1,1
715,2,759,280,30,36,1,1,1
716,2,758,280,30,36,1,1,1
717,2,758,280,30,36,1,1,1
718,2,757,280,30,36,1,1,1
719,2,757,280,30,36,1,1,1
720,2,757,281,30,36,1,1,1
721,2,757,279,30,36,1,1,1
722,2,757,278,30,36,1,1,1
723,2,758,276,30,36,1,1,1
724,2,758,275,30,36,1,1,1
725,2,759,274,30,36,1,1,1
726,2,759,272,30,36,1,1,1
727,2,759,271,30,36,1,1,1
728,2,760,269,30,36,1,1,1
729,2,760,268,30,36,1,1,1
730,2,761,267,30,36,1,1,1
731,2,760,265,30,36,1,1,1
732,2,760,264,30,36,1,1,1
733,2,760,262,30,36,1,1,1
734,2,760,261,30,36,1,1,1
735,2,760,260,30,35,1,1,1
736,2,760,258,30,36,1,1,1
737,2,760,257,30,35,1,1,1
738,2,760,256,30,35,1,1,1
739,2,760,254,30,35,1,1,1
740,2,760,253,30,35,1,1,1
741,2,760,253,30,35,1,1,1
742,2,1,210,92,209,1,1,1
743,2,1,211,90,209,1,1,1
744,2,1,213,88,208,1,1,1
745,2,1,214,86,209,1,1,1
746,2,1,216,84,208,1,1,1
747,2,1,217,82,208,1,1,1
748,2,1,219,81,208,1,1,1
749,2,1,219,74,207,1,1,1
750,2,1,219,67,207,1,1,1
751,2,1,219,60,207,1,1,1
752,2,1,219,53,207,1,1,1
753,2,1,219,49,206,1,1,1
754,2,1,219,45,206,1,1,1
813,2,668,369,11,16,1,1,1
814,2,668,369,11,16,1,1,1
815,2,669,369,11,16,1,1,1
816,2,669,369,11,16,1,1,1
817,2,670,369,11,16,1,1,1
818,2,670,369,11,16,1,1,1
819,2,671,369,11,16,1,1,1
820,2,671,369,11,16,1,1,1
821,2,672,369,11,16,1,1,1
822,2,672,369,11,16,1,1,1
823,2,673,369,11,16,1,1,1
824,2,674,368,11,16,1,1,1
825,2,675,368,11,16,1,1,1
826,2,676,368,11,16,1,1,1
827,2,677,368,11,16,1,1,1
828,2,679,368,11,16,1,1,1
829,2,680,367,11,16,1,1,1
830,2,681,367,11,16,1,1,1
831,2,682,367,11,16,1,1,1
832,2,683,367,11,16,1,1,1
833,2,685,367,11,16,1,1,1
834,2,686,366,11,16,1,1,1
835,2,687,365,11,16,1,1,1
836,2,688,364,12,16,1,1,1
837,2,689,363,12,16,1,1,1
838,2,690,362,13,16,1,1,1
839,2,691,361,13,16,1,1,1
840,2,692,360,13,16,1,1,1
841,2,693,359,14,16,1,1,1
842,2,694,358,14,16,1,1,1
843,2,696,357,14,17,1,1,1
844,2,697,355,15,18,1,1,1
845,2,699,354,15,19,1,1,1
846,2,700,353,16,20,1,1,1
847,2,702,352,16,21,1,1,1
848,2,704,351,16,21,1,1,1
849,2,705,350,17,22,1,1,1
850,2,707,349,17,23,1,1,1
851,2,709,347,17,25,1,1,1
852,2,710,346,18,26,1,1,1
853,2,712,345,18,26,1,1,1
854,2,714,344,18,27,1,1,1
855,2,715,343,19,28,1,1,1
856,2,717,342,19,29,1,1,1
857,2,719,341,20,30,1,1,1
858,2,719,339,23,32,1,1,1
859,2,720,337,25,35,1,1,1
860,2,720,336,28,36,1,1,1
861,2,721,334,30,39,1,1,1
862,2,721,332,33,41,1,1,1
863,2,722,331,35,43,1,1,1
864,2,720,326,36,45,1,1,1
865,2,719,322,37,47,1,1,1
866,2,717,317,39,50,1,1,1
867,2,716,313,40,52,1,1,1
868,2,709,302,42,55,1,1,1
869,2,703,292,44,57,1,1,1
870,2,696,281,47,60,1,1,1
871,2,690,271,49,63,1,1,1
872,2,679,261,53,66,1,1,1
873,2,669,252,57,69,1,1,1
874,2,659,243,60,72,1,1,1
875,2,649,234,64,75,1,1,1
876,2,641,230,67,78,1,1,1
877,2,633,226,70,81,1,1,1
878,2,625,222,73,85,1,1,1
879,2,617,218,77,88,1,1,1
880,2,609,214,80,92,1,1,1
881,2,601,210,83,95,1,1,1
882,2,593,206,87,99,1,1,1
883,2,592,207,87,100,1,1,1
884,2,591,209,88,100,1,1,1
885,2,591,210,87,101,1,1,1
886,2,590,212,88,101,1,1,1
887,2,589,213,88,102,1,1,1
888,2,589,215,88,103,1,1,1
889,2,589,216,88,103,1,1,1
890,2,589,217,88,103,1,1,1
891,2,590,218,88,103,1,1,1
892,2,590,219,88,103,1,1,1
893,2,591,221,88,102,1,1,1
894,2,588,224,86,100,1,1,1
895,2,586,227,83,98,1,1,1
896,2,583,230,81,96,1,1,1
897,2,581,233,79,94,1,1,1
898,2,578,236,77,92,1,1,1
899,2,576,239,74,90,1,1,1
900,2,573,242,73,88,1,1,1
901,2,571,245,70,86,1,1,1
902,2,568,256,68,76,1,1,1
903,2,566,261,66,73,1,1,1
904,2,563,263,64,70,1,1,1
905,2,560,270,53,63,1,1,1
906,2,558,272,50,61,1,1,1
907,2,555,271,49,61,1,1,1
908,2,553,271,47,61,1,1,1
909,2,550,273,45,59,1,1,1
910,2,547,275,44,56,1,1,1
911,2,545,279,44,52,1,1,1
912,2,542,275,50,56,1,1,1
913,2,540,279,48,52,1,1,1
914,2,540,274,46,58,1,1,1
915,2,540,278,45,56,1,1,1
916,2,540,281,43,55,1,1,1
917,2,540,280,42,58,1,1,1
918,2,540,290,40,50,1,1,1
919,2,540,300,39,42,1,1,1
920,2,540,302,37,42,1,1,1
921,2,540,305,36,41,1,1,1
922,2,540,310,34,38,1,1,1
923,2,540,312,33,38,1,1,1
924,2,540,310,33,38,1,1,1
925,2,541,310,33,36,1,1,1
926,2,542,302,32,42,1,1,1
927,2,542,300,33,42,1,1,1
928,2,543,299,33,41,1,1,1
929,2,544,297,32,41,1,1,1
930,2,544,295,33,41,1,1,1
931,2,545,294,32,40,1,1,1
932,2,546,292,32,40,1,1,1
933,2,546,292,32,40,1,1,1
934,2,574,61,167,217,1,1,1
935,2,569,69,168,216,1,1,1
936,2,564,77,169,215,1,1,1
937,2,559,85,171,215,1,1,1
938,2,554,93,172,214,1,1,1
939,2,549,101,173,213,1,1,1
940,2,545,110,174,212,1,1,1
941,2,545,127,175,213,1,1,1
942,2,545,145,176,214,1,1,1
943,2,546,163,176,214,1,1,1
944,2,546,181,177,215,1,1,1
945,2,546,199,178,215,1,1,1
946,2,547,217,179,216,1,1,1
947,2,549,222,179,216,1,1,1
948,2,552,228,179,215,1,1,1
949,2,555,234,179,215,1,1,1
950,2,555,233,179,215,1,1,1
951,2,556,232,179,215,1,1,1
952,2,556,231,179,215,1,1,1
953,2,557,230,179,215,1,1,1
954,2,558,229,179,216,1,1,1
955,2,555,228,179,216,1,1,1
956,2,552,228,179,216,1,1,1
957,2,550,228,179,216,1,1,1
958,2,547,228,179,216,1,1,1
959,2,545,228,179,216,1,1,1
960,2,542,228,179,215,1,1,1
961,2,539,228,179,215,1,1,1
962,2,537,228,179,215,1,1,1
963,2,534,228,179,215,1,1,1
964,2,532,228,179,215,1,1,1
965,2,531,221,179,215,1,1,1
966,2,531,215,179,215,1,1,1
967,2,530,208,179,215,1,1,1
968,2,530,202,179,215,1,1,1
969,2,530,196,179,215,1,1,1
970,2,527,196,179,216,1,1,1
971,2,525,197,179,216,1,1,1
972,2,523,198,179,216,1,1,1
973,2,521,199,179,216,1,1,1
974,2,519,200,179,216,1,1,1
975,2,518,201,179,216,1,1,1
976,2,518,203,179,216,1,1,1
977,2,518,205,179,216,1,1,1
978,2,518,205,179,216,1,1,1
1008,2,642,415,18,22,1,1,1
1009,2,643,413,18,22,1,1,1
1010,2,645,411,17,22,1,1,1
1011,2,646,409,18,22,1,1,1
1012,2,648,408,17,22,1,1,1
1013,2,649,406,18,22,1,1,1
1014,2,651,404,17,22,1,1,1
1015,2,652,403,17,22,1,1,1
1016,2,654,401,17,22,1,1,1
1017,2,655,399,17,22,1,1,1
1018,2,657,398,17,22,1,1,1
1019,2,658,396,17,22,1,1,1
1020,2,659,395,17,22,1,1,1
1021,2,661,394,17,21,1,1,1
1022,2,662,392,17,22,1,1,1
1023,2,664,391,17,22,1,1,1
1024,2,665,390,17,21,1,1,1
1025,2,666,388,17,22,1,1,1
1026,2,668,387,17,21,1,1,1
1027,2,669,386,17,21,1,1,1
1028,2,671,385,17,21,1,1,1
1029,2,673,383,17,21,1,1,1
1030,2,675,381,17,21,1,1,1
1031,2,677,379,17,21,1,1,1
1032,2,680,378,17,21,1,1,1
1033,2,682,376,17,21,1,1,1
1034,2,684,374,17,21,1,1,1
1035,2,687,373,17,21,1,1,1
1036,2,689,371,17,21,1,1,1
1037,2,691,369,17,21,1,1,1
1038,2,694,368,17,21,1,1,1
1039,2,696,364,18,22,1,1,1
1040,2,699,361,18,22,1,1,1
1041,2,702,358,18,22,1,1,1
1042,2,705,354,18,23,1,1,1
1043,2,708,351,18,23,1,1,1
1044,2,710,348,19,23,1,1,1
1045,2,713,344,19,24,1,1,1
1046,2,716,341,19,24,1,1,1
1047,2,719,338,19,24,1,1,1
1048,2,722,335,19,24,1,1,1
1049,2,723,332,19,24,1,1,1
1050,2,725,329,19,25,1,1,1
1051,2,726,326,20,26,1,1,1
1052,2,728,323,20,26,1,1,1
1053,2,729,321,21,26,1,1,1
1054,2,731,318,20,27,1,1,1
1055,2,732,315,21,27,1,1,1
1056,2,734,312,21,28,1,1,1
1057,2,735,309,22,29,1,1,1
1058,2,737,307,22,29,1,1,1
1059,2,738,304,22,29,1,1,1
1060,2,739,301,22,29,1,1,1
1061,2,740,298,22,29,1,1,1
1062,2,741,295,22,29,1,1,1
1063,2,742,292,22,28,1,1,1
1064,2,743,289,22,28,1,1,1
1065,2,743,289,22,28,1,1,1
1112,2,918,414,49,69,1,1,1
1113,2,913,417,47,67,1,1,1
1114,2,908,420,46,65,1,1,1
1115,2,904,423,43,63,1,1,1
1116,2,899,426,42,61,1,1,1
1117,2,895,429,40,60,1,1,1
1118,2,890,430,39,58,1,1,1
1119,2,885,431,38,56,1,1,1
1120,2,880,432,37,54,1,1,1
1121,2,875,433,36,52,1,1,1
1122,2,870,434,36,50,1,1,1
1123,2,865,435,35,48,1,1,1
1124,2,860,436,34,46,1,1,1
1125,2,855,437,33,44,1,1,1
1126,2,850,438,32,42,1,1,1
1127,2,845,440,32,39,1,1,1
1128,2,842,438,31,39,1,1,1
1129,2,839,437,31,38,1,1,1
1130,2,836,436,30,37,1,1,1
1131,2,833,434,30,37,1,1,1
1132,2,830,433,29,36,1,1,1
1133,2,827,432,29,35,1,1,1
1134,2,824,430,28,35,1,1,1
1135,2,821,429,28,34,1,1,1
1136,2,818,428,27,33,1,1,1
1137,2,816,427,26,33,1,1,1
1138,2,814,425,26,33,1,1,1
1139,2,813,424,25,32,1,1,1
1140,2,811,423,25,31,1,1,1
1141,2,810,421,24,31,1,1,1
1142,2,808,420,24,31,1,1,1
1143,2,807,419,23,30,1,1,1
1144,2,805,417,23,30,1,1,1
1145,2,804,416,22,29,1,1,1
1146,2,802,415,22,28,1,1,1
1147,2,801,414,22,28,1,1,1
1148,2,800,413,22,28,1,1,1
1149,2,800,412,22,28,1,1,1
1150,2,800,411,22,28,1,1,1
1151,2,800,411,22,28,1,1,1
1152,2,800,410,22,28,1,1,1
1153,2,799,409,22,28,1,1,1
1154,2,799,409,22,28,1,1,1
1155,2,799,408,22,28,1,1,1
1156,2,799,407,22,28,1,1,1
1157,2,799,407,22,28,1,1,1
1158,2,799,406,22,28,1,1,1
1159,2,799,406,22,28,1,1,1
1160,2,799,405,22,29,1,1,1
1161,2,799,405,22,28,1,1,1
1162,2,799,405,22,28,1,1,1
1163,2,799,404,22,29,1,1,1
1164,2,799,404,22,28,1,1,1
1165,2,799,403,22,29,1,1,1
1166,2,799,403,22,29,1,1,1
1167,2,799,403,22,29,1,1,1
1168,2,798,401,22,29,1,1,1
1169,2,798,400,22,29,1,1,1
1170,2,797,399,22,29,1,1,1
1171,2,797,398,22,29,1,1,1
1172,2,797,397,22,29,1,1,1
1173,2,796,396,22,29,1,1,1
1174,2,796,395,22,29,1,1,1
1175,2,795,394,22,29,1,1,1
1176,2,795,393,22,29,1,1,1
1177,2,795,392,22,29,1,1,1
1178,2,793,390,22,29,1,1,1
1179,2,792,388,22,29,1,1,1
1180,2,792,388,22,29,1,1,1
1269,2,728,165,83,99,1,1,1
1270,2,731,163,83,99,1,1,1
1271,2,735,162,83,99,1,1,1
1272,2,739,161,83,99,1,1,1
1273,2,743,160,83,99,1,1,1
1274,2,747,159,83,99,1,1,1
1275,2,750,157,83,99,1,1,1
1276,2,754,156,83,99,1,1,1
1277,2,758,155,83,99,1,1,1
1278,2,762,154,83,99,1,1,1
1279,2,766,153,83,99,1,1,1
1280,2,767,153,83,99,1,1,1
1281,2,769,153,83,99,1,1,1
1282,2,770,153,83,99,1,1,1
1283,2,772,153,83,99,1,1,1
1284,2,774,153,83,99,1,1,1
1285,2,775,153,83,99,1,1,1
1286,2,777,153,83,99,1,1,1
1287,2,778,153,83,99,1,1,1
1288,2,780,153,83,99,1,1,1
1289,2,782,154,83,98,1,1,1
1290,2,781,152,84,99,1,1,1
1291,2,781,150,84,100,1,1,1
1292,2,780,149,85,100,1,1,1
1293,2,780,147,85,101,1,1,1
1294,2,780,146,85,101,1,1,1
1295,2,779,144,86,102,1,1,1
1296,2,779,142,86,103,1,1,1
1297,2,778,141,87,103,1,1,1
1298,2,778,139,87,104,1,1,1
1299,2,778,139,87,104,1,1,1
1416,2,556,138,83,105,1,1,1
1417,2,555,138,83,105,1,1,1
1418,2,555,139,83,105,1,1,1
1419,2,555,140,83,105,1,1,1
1420,2,554,141,83,105,1,1,1
1421,2,554,142,83,105,1,1,1
1422,2,554,143,83,105,1,1,1
1423,2,553,144,83,105,1,1,1
1424,2,553,145,83,105,1,1,1
1425,2,553,146,83,105,1,1,1
1426,2,553,147,83,105,1,1,1
1427,2,551,149,83,105,1,1,1
1428,2,549,152,84,105,1,1,1
1429,2,547,155,85,105,1,1,1
1430,2,545,158,85,105,1,1,1
1431,2,544,161,85,105,1,1,1
1432,2,542,164,86,104,1,1,1
1433,2,540,167,86,104,1,1,1
1434,2,538,170,87,104,1,1,1
1435,2,536,173,88,104,1,1,1
1436,2,535,176,88,104,1,1,1
1437,2,542,179,87,103,1,1,1
1438,2,550,182,86,103,1,1,1
1439,2,558,186,85,102,1,1,1
1440,2,566,189,84,101,1,1,1
1441,2,574,193,83,100,1,1,1
1442,2,582,196,81,100,1,1,1
1443,2,590,199,80,99,1,1,1
1444,2,598,203,79,98,1,1,1
1445,2,606,206,78,98,1,1,1
1446,2,614,210,77,97,1,1,1
1447,2,623,208,76,96,1,1,1
1448,2,633,207,75,94,1,1,1
1449,2,643,205,74,94,1,1,1
1450,2,653,204,73,92,1,1,1
1451,2,663,202,72,92,1,1,1
1452,2,673,201,70,90,1,1,1
1453,2,683,199,69,89,1,1,1
1454,2,693,198,68,88,1,1,1
1455,2,703,196,67,87,1,1,1
1456,2,713,195,66,86,1,1,1
1457,2,721,198,63,84,1,1,1
1458,2,729,202,61,82,1,1,1
1459,2,738,205,58,80,1,1,1
1460,2,746,209,56,78,1,1,1
1461,2,755,213,53,76,1,1,1
1462,2,763,216,51,74,1,1,1
1463,2,771,220,49,72,1,1,1
1464,2,780,223,46,70,1,1,1
1465,2,788,237,44,58,1,1,1
1466,2,797,231,41,66,1,1,1
1467,2,802,237,40,66,1,1,1
1468,2,807,244,39,65,1,1,1
1469,2,812,251,38,64,1,1,1
1470,2,817,258,37,63,1,1,1
1471,2,822,265,36,62,1,1,1
1472,2,827,272,35,62,1,1,1
1473,2,826,273,34,61,1,1,1
1474,2,826,275,33,60,1,1,1
1475,2,826,276,31,59,1,1,1
1476,2,826,278,30,58,1,1,1
1477,2,823,279,29,56,1,1,1
1478,2,820,280,29,55,1,1,1
1479,2,817,281,29,54,1,1,1
1480,2,814,282,29,52,1,1,1
1481,2,811,283,29,51,1,1,1
1482,2,808,284,28,50,1,1,1
1483,2,805,285,28,48,1,1,1
1484,2,802,286,28,47,1,1,1
1485,2,799,287,28,46,1,1,1
1486,2,797,288,27,45,1,1,1
1487,2,792,289,26,45,1,1,1
1488,2,788,291,25,45,1,1,1
1489,2,783,293,25,44,1,1,1
1490,2,779,295,24,44,1,1,1
1491,2,774,297,24,44,1,1,1
1492,2,770,298,23,44,1,1,1
1493,2,765,300,23,44,1,1,1
1494,2,761,302,22,43,1,1,1
1495,2,756,304,22,43,1,1,1
1496,2,752,306,21,43,1,1,1
1497,2,747,307,22,42,1,1,1
1498,2,743,308,22,42,1,1,1
1499,2,739,310,22,40,1,1,1
1500,2,734,311,23,40,1,1,1
1501,2,730,313,23,39,1,1,1
1502,2,726,314,23,38,1,1,1
1503,2,721,315,24,38,1,1,1
1504,2,717,317,24,36,1,1,1
1505,2,713,318,24,36,1,1,1
1506,2,709,320,24,35,1,1,1
1507,2,705,321,24,34,1,1,1
1508,2,701,322,24,34,1,1,1
1509,2,697,323,24,33,1,1,1
1510,2,693,324,24,33,1,1,1
1511,2,690,326,23,32,1,1,1
1512,2,686,327,23,31,1,1,1
1513,2,682,328,23,31,1,1,1
1514,2,678,329,23,30,1,1,1
1515,2,674,330,23,30,1,1,1
1516,2,671,332,23,29,1,1,1
1517,2,668,334,22,28,1,1,1
1518,2,665,336,22,28,1,1,1
1519,2,663,339,21,27,1,1,1
1520,2,660,341,21,27,1,1,1
1521,2,658,344,20,26,1,1,1
1522,2,655,346,20,25,1,1,1
1523,2,652,348,20,25,1,1,1
1524,2,650,351,19,24,1,1,1
1525,2,647,353,19,24,1,1,1
1526,2,645,356,18,23,1,1,1
1527,2,643,358,18,23,1,1,1
1528,2,642,361,18,22,1,1,1
1529,2,641,363,17,22,1,1,1
1530,2,639,366,18,21,1,1,1
1531,2,638,368,17,22,1,1,1
1532,2,637,371,17,21,1,1,1
1533,2,635,373,17,21,1,1,1
1534,2,634,376,17,20,1,1,1
1535,2,634,376,17,20,1,1,1
1536,2,809,190,125,151,1,1,1
1537,2,808,199,123,146,1,1,1
1538,2,810,208,120,140,1,1,1
1539,2,807,207,128,145,1,1,1
1540,2,802,210,135,148,1,1,1
1541,2,801,205,135,148,1,1,1
1542,2,801,200,135,148,1,1,1
1543,2,801,195,135,149,1,1,1
1544,2,801,190,135,149,1,1,1
1545,2,801,185,135,150,1,1,1
1546,2,801,180,135,150,1,1,1
1547,2,801,176,135,150,1,1,1
1548,2,801,176,135,150,1,1,1
1549,2,801,177,135,150,1,1,1
1550,2,801,178,135,150,1,1,1
1551,2,801,179,135,150,1,1,1
1552,2,801,180,135,150,1,1,1
1553,2,800,174,134,151,1,1,1
1554,2,799,169,134,151,1,1,1
1555,2,799,163,133,152,1,1,1
1556,2,798,158,133,152,1,1,1
1557,2,798,153,132,152,1,1,1
1558,2,799,146,131,150,1,1,1
1559,2,800,139,130,148,1,1,1
1560,2,802,132,128,147,1,1,1
1561,2,800,128,130,150,1,1,1
1562,2,798,125,133,152,1,1,1
1563,2,796,122,136,154,1,1,1
1564,2,794,119,138,156,1,1,1
1565,2,792,116,141,158,1,1,1
1566,2,791,113,143,161,1,1,1
1567,2,791,116,141,158,1,1,1
1568,2,791,119,139,156,1,1,1
1569,2,791,122,137,153,1,1,1
1570,2,791,126,136,150,1,1,1
1571,2,791,122,135,148,1,1,1
1572,2,792,118,134,146,1,1,1
1573,2,792,114,134,144,1,1,1
1574,2,793,110,133,143,1,1,1
1575,2,792,110,132,142,1,1,1
1576,2,791,111,132,141,1,1,1
1577,2,791,112,130,140,1,1,1
1578,2,790,113,130,139,1,1,1
1579,2,789,113,130,138,1,1,1
1580,2,789,114,128,137,1,1,1
1581,2,788,115,128,136,1,1,1
1582,2,788,116,127,135,1,1,1
1583,2,785,113,125,137,1,1,1
1584,2,782,111,123,138,1,1,1
1585,2,779,109,121,139,1,1,1
1586,2,777,107,119,141,1,1,1
1587,2,775,108,116,137,1,1,1
1588,2,773,110,114,132,1,1,1
1589,2,771,112,112,128,1,1,1
1590,2,769,113,110,124,1,1,1
1591,2,767,115,108,119,1,1,1
1592,2,765,117,106,115,1,1,1
1593,2,761,120,105,113,1,1,1
1594,2,758,124,104,111,1,1,1
1595,2,755,128,102,109,1,1,1
1596,2,752,132,101,107,1,1,1
1597,2,749,130,100,105,1,1,1
1598,2,747,129,98,103,1,1,1
1599,2,745,127,96,102,1,1,1
1600,2,743,126,94,100,1,1,1
1601,2,741,124,92,99,1,1,1
1602,2,739,123,91,97,1,1,1
1603,2,738,121,87,96,1,1,1
1604,2,737,120,84,95,1,1,1
1605,2,736,119,81,94,1,1,1
1606,2,736,118,77,93,1,1,1
1607,2,734,117,76,93,1,1,1
1608,2,732,117,76,92,1,1,1
1609,2,730,116,76,92,1,1,1
1610,2,728,116,76,92,1,1,1
1611,2,726,115,75,92,1,1,1
1612,2,724,115,75,91,1,1,1
1613,2,722,114,75,91,1,1,1
1614,2,720,114,75,91,1,1,1
1615,2,718,115,74,90,1,1,1
1616,2,717,117,72,89,1,1,1
1617,2,715,119,71,87,1,1,1
1618,2,714,121,70,86,1,1,1
1619,2,713,122,68,85,1,1,1
1620,2,711,124,67,84,1,1,1
1621,2,710,126,65,82,1,1,1
1622,2,709,128,64,81,1,1,1
1623,2,708,129,65,81,1,1,1
1624,2,708,130,65,82,1,1,1
1625,2,707,131,66,82,1,1,1
1626,2,707,133,67,82,1,1,1
1627,2,707,133,67,80,1,1,1
1628,2,708,134,67,78,1,1,1
1629,2,709,135,66,76,1,1,1
1630,2,709,136,67,73,1,1,1
1631,2,710,137,66,71,1,1,1
1632,2,711,138,66,69,1,1,1
1633,2,710,138,66,70,1,1,1
1634,2,710,139,66,70,1,1,1
1635,2,710,140,66,70,1,1,1
1636,2,710,141,66,71,1,1,1
1637,2,710,142,66,71,1,1,1
1638,2,710,142,66,72,1,1,1
1639,2,710,143,66,73,1,1,1
1640,2,710,144,66,73,1,1,1
1641,2,710,145,66,73,1,1,1
1642,2,710,146,66,74,1,1,1
1643,2,709,145,66,73,1,1,1
1644,2,708,144,66,73,1,1,1
1645,2,708,143,66,73,1,1,1
1646,2,707,142,66,73,1,1,1
1647,2,707,141,66,73,1,1,1
1648,2,706,140,66,73,1,1,1
1649,2,706,139,66,73,1,1,1
1650,2,705,138,66,73,1,1,1
1651,2,705,137,66,73,1,1,1
1652,2,704,136,66,73,1,1,1
1653,2,704,136,66,72,1,1,1
1654,2,703,133,67,75,1,1,1
1655,2,703,130,67,79,1,1,1
1656,2,703,128,67,82,1,1,1
1657,2,702,129,67,80,1,1,1
1658,2,702,130,66,78,1,1,1
1659,2,701,131,67,76,1,1,1
1660,2,701,132,66,74,1,1,1
1661,2,700,133,66,72,1,1,1
1662,2,700,134,66,70,1,1,1
1663,2,698,135,66,73,1,1,1
1664,2,696,136,66,76,1,1,1
1665,2,694,137,66,79,1,1,1
1666,2,692,138,67,83,1,1,1
1667,2,690,141,66,81,1,1,1
1668,2,689,145,64,79,1,1,1
1669,2,687,149,63,76,1,1,1
1670,2,686,152,62,75,1,1,1
1671,2,684,156,61,72,1,1,1
1672,2,683,160,59,70,1,1,1
1673,2,681,163,59,68,1,1,1
1674,2,680,167,57,66,1,1,1
1675,2,678,171,56,63,1,1,1
1676,2,677,175,55,61,1,1,1
1677,2,675,178,55,60,1,1,1
1678,2,674,181,54,59,1,1,1
1679,2,673,184,53,58,1,1,1
1680,2,672,188,53,57,1,1,1
1681,2,671,191,52,56,1,1,1
1682,2,669,194,52,55,1,1,1
1683,2,668,198,52,54,1,1,1
1684,2,667,201,51,53,1,1,1
1685,2,666,204,50,52,1,1,1
1686,2,665,208,50,51,1,1,1
1687,2,665,207,49,51,1,1,1
1688,2,665,207,49,51,1,1,1
1689,2,665,206,48,51,1,1,1
1690,2,665,206,48,51,1,1,1
1691,2,665,205,47,51,1,1,1
1692,2,665,205,47,51,1,1,1
1693,2,665,204,46,51,1,1,1
1694,2,665,204,46,51,1,1,1
1695,2,664,203,46,51,1,1,1
1696,2,663,203,46,51,1,1,1
1697,2,663,202,46,51,1,1,1
1698,2,662,202,46,51,1,1,1
1699,2,662,201,46,51,1,1,1
1700,2,661,201,46,51,1,1,1
1701,2,660,201,46,50,1,1,1
1702,2,660,200,46,51,1,1,1
1703,2,659,200,46,50,1,1,1
1704,2,659,199,46,51,1,1,1
1705,2,658,199,46,50,1,1,1
1706,2,658,199,46,50,1,1,1
1707,2,656,198,46,50,1,1,1
1708,2,655,198,46,50,1,1,1
1709,2,654,197,46,50,1,1,1
1710,2,654,197,46,50,1,1,1
1711,2,287,71,218,261,1,1,1
1712,2,288,67,218,261,1,1,1
1713,2,290,63,218,261,1,1,1
1714,2,291,59,218,261,1,1,1
1715,2,293,55,218,261,1,1,1
1716,2,294,52,218,261,1,1,1
1717,2,296,48,218,261,1,1,1
1718,2,297,44,218,261,1,1,1
1719,2,299,40,218,261,1,1,1
1720,2,300,36,218,261,1,1,1
1721,2,302,33,218,261,1,1,1
1722,2,311,34,218,261,1,1,1
1723,2,320,36,218,261,1,1,1
1724,2,329,37,218,261,1,1,1
1725,2,338,39,218,261,1,1,1
1726,2,348,40,218,262,1,1,1
1727,2,357,42,218,261,1,1,1
1728,2,366,43,218,262,1,1,1
1729,2,375,45,218,261,1,1,1
1730,2,384,46,218,262,1,1,1
1731,2,394,48,218,262,1,1,1
1732,2,407,55,219,264,1,1,1
1733,2,421,63,220,265,1,1,1
1734,2,435,71,221,267,1,1,1
1735,2,449,79,222,268,1,1,1
1736,2,463,87,223,270,1,1,1
1737,2,476,94,225,272,1,1,1
1738,2,490,102,226,273,1,1,1
1739,2,504,110,227,275,1,1,1
1740,2,518,118,228,276,1,1,1
1741,2,532,126,229,278,1,1,1
1742,2,530,131,233,281,1,1,1
1743,2,529,137,236,283,1,1,1
1744,2,528,143,239,285,1,1,1
1745,2,526,149,244,288,1,1,1
1746,2,525,155,247,290,1,1,1
1747,2,524,161,250,292,1,1,1
1748,2,522,167,255,295,1,1,1
1749,2,521,173,258,297,1,1,1
1750,2,520,179,261,299,1,1,1
1751,2,519,185,265,302,1,1,1
1752,2,516,187,265,302,1,1,1
1753,2,514,190,265,302,1,1,1
1754,2,511,192,265,302,1,1,1
1755,2,509,195,265,302,1,1,1
1756,2,509,195,265,302,1,1,1
1757,2,602,379,20,26,1,1,1
1758,2,601,379,20,26,1,1,1
1759,2,601,379,20,26,1,1,1
1760,2,601,379,19,26,1,1,1
1761,2,600,380,20,26,1,1,1
1762,2,600,380,20,26,1,1,1
1763,2,600,380,19,26,1,1,1
1764,2,599,381,20,26,1,1,1
1765,2,599,381,19,26,1,1,1
1766,2,599,381,19,26,1,1,1
1767,2,599,382,19,26,1,1,1
1768,2,600,382,19,25,1,1,1
1769,2,601,382,19,25,1,1,1
1770,2,602,382,19,25,1,1,1
1771,2,603,382,19,25,1,1,1
1772,2,605,382,19,25,1,1,1
1773,2,606,382,19,25,1,1,1
1774,2,607,382,19,25,1,1,1
1775,2,608,382,19,25,1,1,1
1776,2,609,382,19,25,1,1,1
1777,2,611,382,19,25,1,1,1
1778,2,612,382,19,25,1,1,1
1779,2,614,382,19,25,1,1,1
1780,2,616,382,19,25,1,1,1
1781,2,618,382,19,25,1,1,1
1782,2,620,382,19,25,1,1,1
1783,2,622,382,19,25,1,1,1
1784,2,624,382,19,25,1,1,1
1785,2,626,382,19,25,1,1,1
1786,2,628,382,19,25,1,1,1
1787,2,630,383,19,25,1,1,1
1788,2,631,383,19,25,1,1,1
1789,2,632,383,19,25,1,1,1
1790,2,633,383,19,25,1,1,1
1791,2,634,383,19,25,1,1,1
1792,2,635,383,19,25,1,1,1
1793,2,636,383,19,25,1,1,1
1794,2,637,383,19,25,1,1,1
1795,2,638,383,19,25,1,1,1
1796,2,639,383,19,25,1,1,1
1797,2,640,384,19,25,1,1,1
1798,2,641,384,19,25,1,1,1
1799,2,642,384,19,25,1,1,1
1800,2,643,384,19,25,1,1,1
1801,2,644,384,19,25,1,1,1
1802,2,645,384,19,25,1,1,1
1803,2,646,384,19,25,1,1,1
1804,2,647,384,19,25,1,1,1
1805,2,648,384,19,25,1,1,1
1806,2,649,384,19,25,1,1,1
1807,2,651,385,19,25,1,1,1
1808,2,652,385,19,25,1,1,1
1809,2,653,385,19,25,1,1,1
1810,2,654,385,19,25,1,1,1
1811,2,655,385,19,26,1,1,1
1812,2,657,386,19,25,1,1,1
1813,2,658,386,19,25,1,1,1
1814,2,659,386,19,26,1,1,1
1815,2,660,386,19,26,1,1,1
1816,2,661,386,19,26,1,1,1
1817,2,663,387,19,26,1,1,1
1818,2,664,384,19,26,1,1,1
1819,2,665,382,19,26,1,1,1
1820,2,666,380,19,26,1,1,1
1821,2,667,378,19,26,1,1,1
1822,2,669,376,19,26,1,1,1
1823,2,670,373,19,26,1,1,1
1824,2,671,371,19,26,1,1,1
1825,2,672,369,19,26,1,1,1
1826,2,673,367,19,26,1,1,1
1827,2,675,365,19,26,1,1,1
1828,2,676,364,19,26,1,1,1
1829,2,677,363,19,26,1,1,1
1830,2,678,362,19,26,1,1,1
1831,2,680,362,19,26,1,1,1
1832,2,681,361,19,26,1,1,1
1833,2,682,360,19,26,1,1,1
1834,2,684,360,19,26,1,1,1
1835,2,685,359,19,26,1,1,1
1836,2,686,358,19,26,1,1,1
1837,2,688,358,19,26,1,1,1
1838,2,689,358,19,26,1,1,1
1839,2,691,358,19,26,1,1,1
1840,2,693,358,19,26,1,1,1
1841,2,695,358,19,26,1,1,1
1842,2,697,358,19,26,1,1,1
1843,2,699,358,19,26,1,1,1
1844,2,701,358,19,26,1,1,1
1845,2,703,358,19,26,1,1,1
1846,2,705,358,19,26,1,1,1
1847,2,707,358,19,26,1,1,1
1848,2,708,355,19,27,1,1,1
1849,2,709,353,20,27,1,1,1
1850,2,710,351,21,27,1,1,1
1851,2,712,349,21,27,1,1,1
1852,2,713,347,22,28,1,1,1
1853,2,714,344,22,29,1,1,1
1854,2,716,342,22,29,1,1,1
1855,2,717,340,23,29,1,1,1
1856,2,718,338,24,29,1,1,1
1857,2,718,338,24,29,1,1,1
1932,2,597,221,41,46,1,1,1
1933,2,597,221,41,46,1,1,1
1934,2,598,221,41,46,1,1,1
1935,2,599,221,41,46,1,1,1
1936,2,600,221,41,46,1,1,1
1937,2,601,221,41,46,1,1,1
1938,2,602,221,40,46,1,1,1
1939,2,603,221,40,46,1,1,1
1940,2,604,221,40,46,1,1,1
1941,2,605,221,40,46,1,1,1
1942,2,606,222,40,46,1,1,1
1943,2,607,221,40,46,1,1,1
1944,2,609,221,40,45,1,1,1
1945,2,610,220,40,46,1,1,1
1946,2,612,220,40,45,1,1,1
1947,2,613,219,40,46,1,1,1
1948,2,615,219,40,45,1,1,1
1949,2,616,218,40,45,1,1,1
1950,2,618,218,40,45,1,1,1
1951,2,619,217,40,45,1,1,1
1952,2,621,217,40,45,1,1,1
1953,2,622,216,40,45,1,1,1
1954,2,624,216,40,45,1,1,1
1955,2,625,214,40,45,1,1,1
1956,2,627,213,40,45,1,1,1
1957,2,629,211,40,46,1,1,1
1958,2,631,210,40,46,1,1,1
1959,2,633,209,40,46,1,1,1
1960,2,636,212,40,46,1,1,1
1961,2,639,215,40,46,1,1,1
1962,2,642,218,40,46,1,1,1
1963,2,644,216,40,46,1,1,1
1964,2,647,215,40,46,1,1,1
1965,2,650,214,40,45,1,1,1
1966,2,653,212,40,46,1,1,1
1967,2,656,211,40,45,1,1,1
1968,2,659,210,40,45,1,1,1
1969,2,661,210,40,45,1,1,1
1970,2,663,210,40,46,1,1,1
1971,2,665,210,40,46,1,1,1
1972,2,667,211,40,46,1,1,1
1973,2,668,210,40,45,1,1,1
1974,2,670,209,40,45,1,1,1
1975,2,671,208,40,45,1,1,1
1976,2,673,207,40,45,1,1,1
1977,2,673,207,40,45,1,1,1
1978,2,675,207,40,45,1,1,1
1979,2,678,207,40,45,1,1,1
2008,2,688,212,38,46,1,1,1
2009,2,687,212,38,46,1,1,1
2010,2,687,212,38,46,1,1,1
2011,2,687,212,38,46,1,1,1
2012,2,687,212,38,46,1,1,1
2013,2,687,212,38,46,1,1,1
2014,2,686,212,38,46,1,1,1
2015,2,686,212,38,46,1,1,1
2016,2,686,212,38,46,1,1,1
2017,2,686,212,38,46,1,1,1
2018,2,686,212,38,46,1,1,1
2019,2,686,212,38,46,1,1,1
2020,2,686,212,38,46,1,1,1
2021,2,686,212,38,46,1,1,1
2022,2,686,212,38,47,1,1,1
2023,2,686,213,38,46,1,1,1
2024,2,686,213,38,46,1,1,1
2025,2,686,213,38,47,1,1,1
2026,2,686,213,38,47,1,1,1
2027,2,686,213,38,47,1,1,1
2028,2,686,214,38,47,1,1,1
2029,2,685,214,38,47,1,1,1
2030,2,685,214,38,47,1,1,1
2031,2,685,214,38,47,1,1,1
2032,2,684,214,38,47,1,1,1
2033,2,684,214,38,47,1,1,1
2034,2,684,214,38,47,1,1,1
2035,2,684,214,38,47,1,1,1
2164,2,259,269,66,92,1,1,1
2165,2,296,264,65,89,1,1,1
2166,2,334,259,64,86,1,1,1
2167,2,372,255,63,82,1,1,1
2168,2,410,250,62,79,1,1,1
2169,2,448,245,61,76,1,1,1
2170,2,486,241,60,72,1,1,1
2171,2,514,237,60,72,1,1,1
2172,2,542,233,60,72,1,1,1
2173,2,570,229,60,72,1,1,1
2174,2,595,229,57,68,1,1,1
2175,2,621,229,54,65,1,1,1
2176,2,647,229,51,62,1,1,1
2177,2,673,230,48,58,1,1,1
2178,2,688,231,48,56,1,1,1
2179,2,704,232,47,55,1,1,1
2180,2,720,233,46,53,1,1,1
2181,2,736,234,46,52,1,1,1
2182,2,752,235,45,50,1,1,1
2183,2,768,236,44,49,1,1,1
2184,2,784,238,44,47,1,1,1
2185,2,795,241,42,46,1,1,1
2186,2,806,244,40,45,1,1,1
2187,2,817,247,39,44,1,1,1
2188,2,826,250,37,43,1,1,1
2189,2,835,253,35,42,1,1,1
2190,2,844,256,34,41,1,1,1
2191,2,848,259,34,41,1,1,1
2192,2,852,262,34,41,1,1,1
2193,2,856,266,34,41,1,1,1
2194,2,860,269,34,41,1,1,1
2195,2,864,272,34,41,1,1,1
2196,2,868,276,34,41,1,1,1
2197,2,872,279,34,41,1,1,1
2198,2,872,279,34,41,1,1,1
2262,2,332,127,113,140,1,1,1
2263,2,339,123,113,140,1,1,1
2264,2,346,119,113,140,1,1,1
2265,2,353,115,113,140,1,1,1
2266,2,361,112,112,140,1,1,1
2267,2,368,108,113,140,1,1,1
2268,2,375,104,113,140,1,1,1
2269,2,383,101,112,140,1,1,1
2270,2,390,97,112,140,1,1,1
2271,2,397,93,112,140,1,1,1
2272,2,405,90,112,140,1,1,1
2273,2,414,93,112,140,1,1,1
2274,2,424,96,112,140,1,1,1
2275,2,433,99,112,140,1,1,1
2276,2,443,103,112,140,1,1,1
2277,2,452,106,112,140,1,1,1
2278,2,462,109,112,140,1,1,1
2279,2,471,113,112,140,1,1,1
2280,2,481,116,112,140,1,1,1
2281,2,490,119,112,140,1,1,1
2282,2,500,123,112,140,1,1,1
2283,2,513,124,110,137,1,1,1
2284,2,527,125,108,134,1,1,1
2285,2,541,126,105,131,1,1,1
2286,2,554,127,104,129,1,1,1
2287,2,568,128,101,126,1,1,1
2288,2,582,129,99,123,1,1,1
2289,2,595,130,97,121,1,1,1
2290,2,609,131,95,118,1,1,1
2291,2,623,132,92,115,1,1,1
2292,2,637,133,90,113,1,1,1
2293,2,650,132,87,110,1,1,1
2294,2,663,132,85,106,1,1,1
2295,2,676,132,83,103,1,1,1
2296,2,683,136,80,100,1,1,1
2297,2,690,140,78,97,1,1,1
2298,2,697,144,76,94,1,1,1
2299,2,705,149,73,90,1,1,1
2300,2,713,153,70,87,1,1,1
2301,2,721,158,67,83,1,1,1
2302,2,729,163,65,79,1,1,1
2303,2,734,167,62,77,1,1,1
2304,2,739,172,60,74,1,1,1
2305,2,744,177,58,71,1,1,1
2306,2,750,181,54,69,1,1,1
2307,2,755,186,52,67,1,1,1
2308,2,760,191,50,64,1,1,1
2309,2,766,195,46,62,1,1,1
2310,2,771,200,44,59,1,1,1
2311,2,776,205,42,56,1,1,1
2312,2,782,210,39,54,1,1,1
2313,2,779,213,38,54,1,1,1
2314,2,776,217,38,53,1,1,1
2315,2,773,221,37,52,1,1,1
2316,2,770,225,37,51,1,1,1
2317,2,767,229,36,50,1,1,1
2318,2,764,232,36,50,1,1,1
2319,2,761,236,35,49,1,1,1
2320,2,758,240,35,48,1,1,1
2321,2,755,244,34,47,1,1,1
2322,2,752,248,34,46,1,1,1
2323,2,750,252,33,44,1,1,1
2324,2,748,256,32,43,1,1,1
2325,2,746,261,31,41,1,1,1
2326,2,744,265,30,40,1,1,1
2327,2,742,270,29,38,1,1,1
2328,2,740,274,28,37,1,1,1
2329,2,738,278,27,36,1,1,1
2330,2,736,283,26,34,1,1,1
2331,2,734,287,25,33,1,1,1
2332,2,734,287,25,33,1,1,1
2386,2,532,124,166,202,1,1,1
2387,2,528,130,164,201,1,1,1
2388,2,524,136,163,200,1,1,1
2389,2,520,142,162,199,1,1,1
2390,2,516,148,161,198,1,1,1
2391,2,513,155,159,196,1,1,1
2392,2,509,161,158,195,1,1,1
2393,2,505,167,157,194,1,1,1
2394,2,501,173,156,193,1,1,1
2395,2,497,179,155,192,1,1,1
2396,2,494,186,153,191,1,1,1
2397,2,500,179,151,187,1,1,1
2398,2,507,172,148,184,1,1,1
2399,2,513,165,146,181,1,1,1
2400,2,520,159,144,176,1,1,1
2401,2,526,152,142,173,1,1,1
2402,2,533,145,139,170,1,1,1
2403,2,539,139,138,165,1,1,1
2404,2,546,132,135,162,1,1,1
2405,2,552,125,133,159,1,1,1
2406,2,559,119,131,155,1,1,1
2407,2,564,119,127,151,1,1,1
2408,2,569,119,123,147,1,1,1
2409,2,575,120,119,142,1,1,1
2410,2,580,120,115,139,1,1,1
2411,2,586,121,110,134,1,1,1
2412,2,591,121,107,130,1,1,1
2413,2,596,121,103,126,1,1,1
2414,2,602,122,98,122,1,1,1
2415,2,607,122,95,118,1,1,1
2416,2,613,123,90,113,1,1,1
2417,2,618,123,86,109,1,1,1
2418,2,624,124,82,105,1,1,1
2419,2,626,129,80,101,1,1,1
2420,2,628,134,78,98,1,1,1
2421,2,631,140,75,94,1,1,1
2422,2,633,147,73,90,1,1,1
2423,2,636,155,70,86,1,1,1
2424,2,638,162,68,82,1,1,1
2425,2,641,170,65,78,1,1,1
2426,2,644,178,63,74,1,1,1
2427,2,644,183,60,72,1,1,1
2428,2,644,189,58,69,1,1,1
2429,2,644,194,56,67,1,1,1
2430,2,644,200,53,64,1,1,1
2431,2,644,206,51,61,1,1,1
2432,2,644,211,49,59,1,1,1
2433,2,644,217,46,56,1,1,1
2434,2,644,222,44,54,1,1,1
2435,2,644,228,42,51,1,1,1
2436,2,644,234,40,48,1,1,1
2437,2,643,238,39,47,1,1,1
2438,2,643,243,38,46,1,1,1
2439,2,642,248,37,44,1,1,1
2440,2,642,253,36,43,1,1,1
2441,2,642,258,34,41,1,1,1
2442,2,641,263,34,40,1,1,1
2443,2,641,268,32,38,1,1,1
2444,2,640,273,32,37,1,1,1
2445,2,640,278,30,35,1,1,1
2446,2,640,283,29,34,1,1,1
2447,2,638,284,29,34,1,1,1
2448,2,637,285,29,34,1,1,1
2449,2,636,286,29,34,1,1,1
2450,2,635,287,29,34,1,1,1
2451,2,635,287,29,34,1,1,1
2508,2,654,415,19,20,1,1,1
2509,2,654,413,19,20,1,1,1
2510,2,655,411,19,20,1,1,1
2511,2,656,409,18,20,1,1,1
2512,2,656,407,19,20,1,1,1
2513,2,657,405,19,20,1,1,1
2514,2,658,403,18,20,1,1,1
2515,2,658,401,19,20,1,1,1
2516,2,659,399,18,20,1,1,1
2517,2,660,397,18,20,1,1,1
2518,2,661,396,18,20,1,1,1
2519,2,662,393,18,21,1,1,1
2520,2,663,391,18,21,1,1,1
2521,2,664,389,18,21,1,1,1
2522,2,665,387,18,21,1,1,1
2523,2,666,385,18,21,1,1,1
2524,2,667,383,19,21,1,1,1
2525,2,668,381,19,21,1,1,1
2526,2,669,379,19,21,1,1,1
2527,2,670,377,19,21,1,1,1
2528,2,671,375,19,21,1,1,1
2529,2,672,373,19,21,1,1,1
2530,2,674,371,19,21,1,1,1
2531,2,675,369,19,21,1,1,1
2532,2,676,367,19,22,1,1,1
2533,2,677,365,20,23,1,1,1
2534,2,678,363,20,24,1,1,1
2535,2,679,362,21,24,1,1,1
2536,2,680,361,21,24,1,1,1
2537,2,681,360,21,24,1,1,1
2538,2,683,359,21,25,1,1,1
2539,2,684,358,21,25,1,1,1
2540,2,685,357,21,25,1,1,1
2541,2,686,356,21,26,1,1,1
2542,2,687,356,21,25,1,1,1
2543,2,688,355,21,25,1,1,1
2544,2,689,354,21,26,1,1,1
2545,2,690,353,21,26,1,1,1
2546,2,691,353,21,26,1,1,1
2547,2,691,348,21,26,1,1,1
2548,2,691,344,22,26,1,1,1
2549,2,691,339,22,27,1,1,1
2550,2,692,335,22,27,1,1,1
2551,2,692,330,22,28,1,1,1
2552,2,692,326,23,28,1,1,1
2553,2,693,322,23,28,1,1,1
2554,2,694,320,23,29,1,1,1
2555,2,695,319,23,29,1,1,1
2556,2,696,318,24,29,1,1,1
2557,2,697,317,24,29,1,1,1
2558,2,698,316,25,29,1,1,1
2559,2,699,314,25,29,1,1,1
2560,2,700,313,25,29,1,1,1
2561,2,701,312,25,29,1,1,1
2562,2,702,310,25,30,1,1,1
2563,2,703,309,25,30,1,1,1
2564,2,704,308,25,29,1,1,1
2565,2,705,306,25,30,1,1,1
2566,2,706,305,25,30,1,1,1
2567,2,707,304,25,30,1,1,1
2568,2,708,303,25,30,1,1,1
2569,2,707,298,26,31,1,1,1
2570,2,707,294,26,31,1,1,1
2571,2,707,290,26,31,1,1,1
2572,2,707,285,26,32,1,1,1
2573,2,707,281,27,32,1,1,1
2574,2,706,277,28,32,1,1,1
2575,2,706,272,28,33,1,1,1
2576,2,706,268,28,33,1,1,1
2577,2,706,264,28,33,1,1,1
2578,2,706,260,29,33,1,1,1
2579,2,704,257,30,33,1,1,1
2580,2,703,254,30,33,1,1,1
2581,2,702,251,30,33,1,1,1
2582,2,701,248,30,34,1,1,1
2583,2,700,245,30,34,1,1,1
2584,2,698,242,31,34,1,1,1
2585,2,697,239,31,35,1,1,1
2586,2,696,236,31,35,1,1,1
2587,2,695,233,31,35,1,1,1
2588,2,694,230,31,36,1,1,1
2589,2,694,229,31,37,1,1,1
2590,2,694,229,32,37,1,1,1
2591,2,694,229,32,37,1,1,1
2592,2,694,229,33,38,1,1,1
2593,2,695,230,33,39,1,1,1
2594,2,696,231,34,40,1,1,1
2595,2,698,233,34,40,1,1,1
2596,2,699,237,34,40,1,1,1
2597,2,701,242,34,40,1,1,1
2598,2,702,246,35,40,1,1,1
2599,2,704,251,35,40,1,1,1
2600,2,706,256,35,40,1,1,1
2601,2,709,260,34,40,1,1,1
2602,2,712,264,34,40,1,1,1
2603,2,715,269,34,40,1,1,1
2604,2,717,266,34,40,1,1,1
2605,2,719,264,34,40,1,1,1
2606,2,721,262,34,40,1,1,1
2607,2,723,260,34,40,1,1,1
2608,2,726,258,34,40,1,1,1
2609,2,723,257,34,40,1,1,1
2610,2,721,257,34,40,1,1,1
2611,2,718,257,34,40,1,1,1
2612,2,716,257,34,40,1,1,1
2613,2,713,257,34,40,1,1,1
2614,2,711,256,34,41,1,1,1
2615,2,708,256,34,41,1,1,1
2616,2,706,256,34,41,1,1,1
2617,2,703,256,34,41,1,1,1
2618,2,701,256,34,41,1,1,1
2619,2,698,258,34,41,1,1,1
2620,2,696,260,34,41,1,1,1
2621,2,693,262,34,41,1,1,1
2622,2,691,265,34,41,1,1,1
2623,2,688,267,34,41,1,1,1
2624,2,686,269,34,41,1,1,1
2625,2,683,271,34,41,1,1,1
2626,2,683,271,34,41,1,1,1
2627,2,604,209,155,191,1,1,1
2628,2,607,209,155,191,1,1,1
2629,2,610,210,155,191,1,1,1
2630,2,613,211,155,190,1,1,1
2631,2,616,211,155,191,1,1,1
2632,2,620,212,155,191,1,1,1
2633,2,623,213,155,190,1,1,1
2634,2,626,213,155,191,1,1,1
2635,2,629,214,155,190,1,1,1
2636,2,632,215,155,190,1,1,1
2637,2,636,216,155,190,1,1,1
2638,2,636,213,155,190,1,1,1
2639,2,636,211,155,190,1,1,1
2640,2,636,209,155,190,1,1,1
2641,2,636,207,155,190,1,1,1
2642,2,637,205,155,190,1,1,1
2643,2,637,203,155,190,1,1,1
2644,2,637,201,155,190,1,1,1
2645,2,637,199,155,190,1,1,1
2646,2,637,197,155,190,1,1,1
2647,2,638,195,155,190,1,1,1
2648,2,634,196,155,190,1,1,1
2649,2,631,197,155,190,1,1,1
2650,2,627,199,155,190,1,1,1
2651,2,624,200,155,190,1,1,1
2652,2,620,201,155,191,1,1,1
2653,2,617,203,155,190,1,1,1
2654,2,613,204,155,191,1,1,1
2655,2,610,205,155,191,1,1,1
2656,2,610,205,155,191,1,1,1
2686,2,666,317,32,38,1,1,1
2687,2,672,315,32,38,1,1,1
2688,2,679,314,32,38,1,1,1
2689,2,686,313,31,38,1,1,1
2690,2,692,312,32,38,1,1,1
2691,2,699,311,32,38,1,1,1
2692,2,706,309,31,38,1,1,1
2693,2,712,308,32,38,1,1,1
2694,2,719,307,31,38,1,1,1
2695,2,726,306,31,38,1,1,1
2696,2,733,305,31,38,1,1,1
2697,2,741,304,31,38,1,1,1
2698,2,750,304,31,38,1,1,1
2699,2,759,304,31,38,1,1,1
2700,2,768,304,31,38,1,1,1
2701,2,777,304,31,38,1,1,1
2702,2,785,304,31,37,1,1,1
2703,2,794,304,31,37,1,1,1
2704,2,796,310,30,36,1,1,1
2705,2,812,304,31,37,1,1,1
2706,2,821,304,31,37,1,1,1
2707,2,840,303,33,39,1,1,1
2708,2,859,302,35,42,1,1,1
2709,2,878,302,37,43,1,1,1
2710,2,897,301,39,46,1,1,1
2711,2,916,301,42,48,1,1,1
2712,2,935,300,44,50,1,1,1
2713,2,954,299,46,53,1,1,1
2714,2,973,299,48,54,1,1,1
2715,2,992,298,50,57,1,1,1
2716,2,1012,298,52,59,1,1,1
2717,2,1043,295,51,60,1,1,1
2718,2,1074,293,51,61,1,1,1
2719,2,1105,291,51,62,1,1,1
2720,2,1136,288,51,64,1,1,1
2721,2,1167,286,51,65,1,1,1
2722,2,1198,284,51,66,1,1,1
2744,2,882,328,21,26,1,1,1
2745,2,886,325,21,26,1,1,1
2746,2,891,322,21,26,1,1,1
2747,2,896,320,21,26,1,1,1
2748,2,901,317,21,26,1,1,1
2749,2,906,315,21,26,1,1,1
2750,2,911,312,20,26,1,1,1
2751,2,916,309,20,26,1,1,1
2752,2,921,307,20,26,1,1,1
2753,2,926,304,20,26,1,1,1
2754,2,931,302,20,26,1,1,1
2755,2,937,299,21,27,1,1,1
2756,2,943,296,22,28,1,1,1
2757,2,950,293,22,29,1,1,1
2758,2,956,290,23,30,1,1,1
2759,2,963,287,23,31,1,1,1
2760,2,969,284,24,32,1,1,1
2761,2,975,281,25,33,1,1,1
2762,2,982,278,25,34,1,1,1
2763,2,988,275,26,35,1,1,1
2764,2,995,273,27,36,1,1,1
2765,2,1004,271,28,36,1,1,1
2766,2,1013,269,29,37,1,1,1
2767,2,1023,267,29,37,1,1,1
2768,2,1032,265,30,38,1,1,1
2769,2,1042,263,31,39,1,1,1
2770,2,1051,261,32,39,1,1,1
2771,2,1060,259,33,40,1,1,1
2772,2,1070,257,33,40,1,1,1
2773,2,1079,255,34,41,1,1,1
2774,2,1089,253,35,42,1,1,1
2775,2,1100,251,36,43,1,1,1
2776,2,1112,249,37,45,1,1,1
2777,2,1124,247,38,47,1,1,1
2778,2,1135,245,39,48,1,1,1
2779,2,1147,243,40,50,1,1,1
2780,2,1159,241,41,52,1,1,1
2781,2,1170,239,42,53,1,1,1
2782,2,1182,237,43,55,1,1,1
2783,2,1194,235,44,57,1,1,1
2784,2,1206,234,45,58,1,1,1
2785,2,1210,236,45,58,1,1,1
2786,2,1214,239,45,58,1,1,1
2787,2,1218,242,45,57,1,1,1
2788,2,1222,244,45,58,1,1,1
2789,2,1226,247,45,57,1,1,1
2790,2,1231,250,44,57,1,1,1
2791,2,1232,251,44,58,1,1,1
2792,2,1234,253,43,58,1,1,1
2793,2,1235,255,43,58,1,1,1
2794,2,1237,257,43,58,1,1,1
2795,2,1237,260,43,58,1,1,1
2796,2,1238,264,42,58,1,1,1
2797,2,1239,268,41,58,1,1,1
2798,2,1239,272,41,57,1,1,1
2799,2,1240,276,40,57,1,1,1
2800,2,1241,280,39,57,1,1,1
2801,2,1241,280,39,57,1,1,1
2802,2,1242,280,38,57,1,1,1
2803,2,1242,280,38,57,1,1,1
2804,2,1243,280,37,57,1,1,1
2805,2,1244,281,36,56,1,1,1
2806,2,1232,281,37,55,1,1,1
2807,2,1220,281,38,55,1,1,1
2808,2,1209,282,38,54,1,1,1
2809,2,1197,282,39,54,1,1,1
2810,2,1186,282,39,53,1,1,1
2811,2,1174,283,40,52,1,1,1
2812,2,1163,283,40,52,1,1,1
2813,2,1151,283,41,52,1,1,1
2814,2,1140,284,42,51,1,1,1
2815,2,1134,284,40,50,1,1,1
2816,2,1128,284,39,49,1,1,1
2817,2,1122,284,38,48,1,1,1
2818,2,1116,284,37,48,1,1,1
2819,2,1111,284,35,47,1,1,1
2820,2,1105,284,33,46,1,1,1
2821,2,1099,284,32,46,1,1,1
2822,2,1093,284,31,45,1,1,1
2823,2,1087,284,30,44,1,1,1
2824,2,1082,285,28,43,1,1,1
2825,2,1075,285,28,42,1,1,1
2826,2,1068,285,28,42,1,1,1
2827,2,1061,286,28,41,1,1,1
2828,2,1055,286,27,40,1,1,1
2829,2,1048,287,28,39,1,1,1
2830,2,1041,287,28,39,1,1,1
2831,2,1035,287,27,38,1,1,1
2832,2,1028,288,27,37,1,1,1
2833,2,1021,288,27,37,1,1,1
2834,2,1015,289,27,36,1,1,1
2835,2,1010,289,27,36,1,1,1
2836,2,1006,289,26,36,1,1,1
2837,2,1002,289,26,36,1,1,1
2838,2,998,289,25,36,1,1,1
2839,2,994,289,24,36,1,1,1
2840,2,989,290,25,35,1,1,1
2841,2,985,290,24,35,1,1,1
2842,2,981,290,23,35,1,1,1
2843,2,977,290,23,35,1,1,1
2844,2,973,290,22,35,1,1,1
2845,2,973,290,22,35,1,1,1
2944,2,1236,173,44,89,1,1,1
2945,2,1228,182,52,81,1,1,1
2946,2,1217,168,62,94,1,1,1
2947,2,1198,175,62,90,1,1,1
2948,2,1180,182,61,87,1,1,1
2949,2,1162,189,60,83,1,1,1
2950,2,1144,196,59,80,1,1,1
2951,2,1126,203,58,77,1,1,1
2952,2,1108,210,57,73,1,1,1
2953,2,1090,217,56,70,1,1,1
2954,2,1072,224,55,66,1,1,1
2955,2,1054,231,54,63,1,1,1
2956,2,1036,238,53,60,1,1,1
2957,2,1019,241,52,59,1,1,1
2958,2,1003,244,51,58,1,1,1
2959,2,987,248,50,56,1,1,1
2960,2,971,251,48,55,1,1,1
2961,2,955,255,47,53,1,1,1
2962,2,939,258,46,52,1,1,1
2963,2,923,262,45,50,1,1,1
2964,2,912,265,44,49,1,1,1
2965,2,901,268,43,48,1,1,1
2966,2,891,272,41,46,1,1,1
2967,2,880,275,40,45,1,1,1
2968,2,870,279,38,43,1,1,1
2969,2,859,282,37,42,1,1,1
2970,2,849,286,35,41,1,1,1
2971,2,841,288,34,40,1,1,1
2972,2,834,290,33,40,1,1,1
2973,2,827,293,32,39,1,1,1
2974,2,820,295,30,38,1,1,1
2975,2,813,297,29,38,1,1,1
2976,2,806,300,28,37,1,1,1
2977,2,800,301,28,36,1,1,1
2978,2,794,302,28,36,1,1,1
2979,2,789,303,27,36,1,1,1
2980,2,783,304,27,35,1,1,1
2981,2,777,305,27,35,1,1,1
2982,2,777,305,27,35,1,1,1
2983,2,1,463,83,149,1,1,1
2984,2,1,466,84,147,1,1,1
2985,2,1,470,86,145,1,1,1
2986,2,1,474,87,143,1,1,1
2987,2,1,477,89,141,1,1,1
2988,2,2,481,89,139,1,1,1
2989,2,2,485,91,137,1,1,1
2990,2,2,488,92,135,1,1,1
2991,2,2,492,94,133,1,1,1
2992,2,3,496,94,131,1,1,1
2993,2,3,499,96,129,1,1,1
2994,2,3,503,97,127,1,1,1
2995,2,3,507,99,125,1,1,1
2996,2,4,511,100,123,1,1,1
2997,2,18,507,100,123,1,1,1
2998,2,32,503,100,123,1,1,1
2999,2,46,499,100,123,1,1,1
3000,2,60,496,100,123,1,1,1
3001,2,74,492,100,123,1,1,1
3002,2,88,488,100,123,1,1,1
3003,2,102,485,100,123,1,1,1
3004,2,116,481,100,123,1,1,1
3005,2,130,477,100,123,1,1,1
3006,2,145,474,100,123,1,1,1
3007,2,165,471,98,120,1,1,1
3008,2,186,469,95,116,1,1,1
3009,2,206,466,94,114,1,1,1
3010,2,227,464,91,110,1,1,1
3011,2,247,461,90,108,1,1,1
3012,2,268,459,87,104,1,1,1
3013,2,288,456,85,101,1,1,1
3014,2,309,454,83,98,1,1,1
3015,2,329,451,81,95,1,1,1
3016,2,350,449,79,92,1,1,1
3017,2,370,444,78,91,1,1,1
3018,2,390,439,77,90,1,1,1
3019,2,410,434,76,89,1,1,1
3020,2,431,430,75,87,1,1,1
3021,2,451,425,74,86,1,1,1
3022,2,471,420,73,85,1,1,1
3023,2,492,416,72,83,1,1,1
3024,2,508,411,71,81,1,1,1
3025,2,525,406,69,79,1,1,1
3026,2,542,401,67,77,1,1,1
3027,2,559,396,65,75,1,1,1
3028,2,576,392,64,73,1,1,1
3029,2,588,387,62,70,1,1,1
3030,2,601,382,60,67,1,1,1
3031,2,614,377,58,65,1,1,1
3032,2,622,373,56,63,1,1,1
3033,2,631,370,54,61,1,1,1
3034,2,639,367,53,59,1,1,1
3035,2,648,364,51,57,1,1,1
3036,2,656,361,50,55,1,1,1
3037,2,665,358,48,53,1,1,1
3038,2,673,355,47,51,1,1,1
3039,2,682,352,45,49,1,1,1
3040,2,687,352,44,48,1,1,1
3041,2,693,352,43,47,1,1,1
3042,2,699,352,41,46,1,1,1
3043,2,704,352,41,45,1,1,1
3044,2,710,352,39,44,1,1,1
3045,2,716,352,38,43,1,1,1
3046,2,722,352,37,42,1,1,1
3047,2,725,352,36,41,1,1,1
3048,2,728,353,35,40,1,1,1
3049,2,732,354,33,39,1,1,1
3050,2,735,355,32,38,1,1,1
3051,2,739,356,31,37,1,1,1
3052,2,742,356,30,37,1,1,1
3053,2,745,357,29,36,1,1,1
3054,2,749,358,27,35,1,1,1
3055,2,752,359,26,34,1,1,1
3056,2,756,360,25,33,1,1,1
3057,2,756,360,25,32,1,1,1
3058,2,757,360,24,32,1,1,1
3059,2,758,361,24,31,1,1,1
3060,2,759,361,23,30,1,1,1
3061,2,760,362,23,29,1,1,1
3062,2,760,362,23,29,1,1,1
3063,2,761,362,22,28,1,1,1
3064,2,762,363,22,27,1,1,1
3065,2,763,363,21,27,1,1,1
3066,2,764,364,21,26,1,1,1
3067,2,763,364,21,26,1,1,1
3068,2,762,364,21,26,1,1,1
3069,2,761,364,21,26,1,1,1
3070,2,761,365,21,26,1,1,1
3071,2,760,365,21,26,1,1,1
3072,2,759,365,21,26,1,1,1
3073,2,759,366,21,26,1,1,1
3074,2,758,366,21,26,1,1,1
3075,2,757,366,21,26,1,1,1
3076,2,757,367,21,26,1,1,1
3077,2,757,368,20,26,1,1,1
3078,2,757,369,20,26,1,1,1
3079,2,757,371,20,25,1,1,1
3080,2,757,372,20,25,1,1,1
3081,2,757,374,20,24,1,1,1
3082,2,757,375,20,24,1,1,1
3083,2,757,376,20,24,1,1,1
3084,2,757,378,20,23,1,1,1
3085,2,757,379,20,23,1,1,1
3086,2,757,381,20,23,1,1,1
3087,2,757,381,20,23,1,1,1
3088,2,757,381,20,23,1,1,1
3089,2,757,381,20,23,1,1,1
3090,2,757,381,20,23,1,1,1
3091,2,758,381,20,23,1,1,1
3092,2,758,381,20,23,1,1,1
3093,2,758,381,20,23,1,1,1
3094,2,758,381,20,23,1,1,1
3095,2,758,381,20,23,1,1,1
3157,2,771,370,25,28,1,1,1
3158,2,771,368,25,28,1,1,1
3159,2,771,367,25,28,1,1,1
3160,2,771,366,25,28,1,1,1
3161,2,771,365,25,28,1,1,1
3162,2,771,364,25,28,1,1,1
3163,2,771,363,25,28,1,1,1
3164,2,771,362,25,28,1,1,1
3165,2,771,361,25,28,1,1,1
3166,2,771,360,25,28,1,1,1
3167,2,771,359,25,28,1,1,1
3168,2,770,357,25,28,1,1,1
3169,2,770,356,25,28,1,1,1
3170,2,770,355,25,28,1,1,1
3171,2,770,354,25,28,1,1,1
3172,2,770,353,25,28,1,1,1
3173,2,769,352,25,28,1,1,1
3174,2,768,351,25,28,1,1,1
3175,2,768,350,25,28,1,1,1
3176,2,767,350,25,28,1,1,1
3177,2,766,349,25,28,1,1,1
3178,2,766,348,25,28,1,1,1
3179,2,765,347,25,28,1,1,1
3180,2,764,347,25,28,1,1,1
3181,2,764,346,25,28,1,1,1
3182,2,763,345,25,28,1,1,1
3183,2,763,344,25,28,1,1,1
3184,2,762,344,25,28,1,1,1
3185,2,761,343,25,28,1,1,1
3186,2,761,342,25,28,1,1,1
3187,2,760,341,25,28,1,1,1
3188,2,759,341,25,28,1,1,1
3189,2,759,340,25,28,1,1,1
3190,2,758,339,25,28,1,1,1
3191,2,758,339,25,28,1,1,1
3192,2,756,337,25,28,1,1,1
3193,2,755,336,25,28,1,1,1
3194,2,754,335,25,28,1,1,1
3195,2,752,333,25,28,1,1,1
3196,2,751,332,25,28,1,1,1
3197,2,750,331,25,28,1,1,1
3198,2,748,329,25,28,1,1,1
3199,2,747,328,25,28,1,1,1
3200,2,746,327,25,28,1,1,1
3201,2,745,326,25,28,1,1,1
3202,2,744,325,25,28,1,1,1
3203,2,744,324,25,28,1,1,1
3204,2,744,323,25,28,1,1,1
3205,2,744,323,25,28,1,1,1
3206,2,744,322,25,28,1,1,1
3207,2,743,321,25,28,1,1,1
3208,2,743,321,25,28,1,1,1
3209,2,743,320,25,28,1,1,1
3210,2,743,319,25,28,1,1,1
3211,2,743,319,25,28,1,1,1
3212,2,745,317,25,29,1,1,1
3213,2,747,316,25,29,1,1,1
3214,2,749,315,25,29,1,1,1
3215,2,751,314,25,29,1,1,1
3216,2,753,313,25,29,1,1,1
3217,2,753,313,25,29,1,1,1
3287,2,919,191,55,61,1,1,1
3288,2,920,189,55,61,1,1,1
3289,2,921,188,55,61,1,1,1
3290,2,923,187,55,61,1,1,1
3291,2,924,186,55,61,1,1,1
3292,2,926,185,55,61,1,1,1
3293,2,927,184,55,61,1,1,1
3294,2,928,183,55,61,1,1,1
3295,2,930,182,55,61,1,1,1
3296,2,931,181,55,61,1,1,1
3297,2,933,180,55,61,1,1,1
3298,2,935,181,55,62,1,1,1
3299,2,937,183,56,62,1,1,1
3300,2,939,185,56,63,1,1,1
3301,2,941,187,57,63,1,1,1
3302,2,944,189,57,64,1,1,1
3303,2,950,191,57,64,1,1,1
3304,2,956,193,57,64,1,1,1
3305,2,962,195,57,64,1,1,1
3306,2,968,197,57,64,1,1,1
3307,2,974,199,57,64,1,1,1
3308,2,986,198,58,65,1,1,1
3309,2,998,197,59,67,1,1,1
3310,2,1011,196,60,69,1,1,1
3311,2,1023,195,61,71,1,1,1
3312,2,1036,194,62,73,1,1,1
3313,2,1058,191,62,75,1,1,1
3314,2,1080,188,63,77,1,1,1
3315,2,1102,185,64,79,1,1,1
3316,2,1129,180,65,81,1,1,1
3317,2,1156,176,67,83,1,1,1
3318,2,1183,172,68,85,1,1,1
3392,2,698,389,19,19,1,1,1
3393,2,699,388,19,19,1,1,1
3394,2,701,388,19,19,1,1,1
3395,2,703,388,19,19,1,1,1
3396,2,705,388,19,19,1,1,1
3397,2,707,388,19,19,1,1,1
3398,2,709,387,19,19,1,1,1
3399,2,711,387,19,19,1,1,1
3400,2,713,387,19,19,1,1,1
3401,2,715,387,19,19,1,1,1
3402,2,717,387,19,19,1,1,1
3403,2,717,386,19,19,1,1,1
3404,2,718,385,19,19,1,1,1
3405,2,719,384,19,19,1,1,1
3406,2,720,383,19,19,1,1,1
3407,2,721,382,19,19,1,1,1
3408,2,722,381,19,19,1,1,1
3409,2,723,380,19,19,1,1,1
3410,2,724,379,19,19,1,1,1
3411,2,725,378,19,19,1,1,1
3412,2,726,378,19,19,1,1,1
3413,2,726,375,20,21,1,1,1
3414,2,727,373,20,22,1,1,1
3415,2,727,371,21,23,1,1,1
3416,2,728,368,21,25,1,1,1
3417,2,729,366,21,26,1,1,1
3418,2,729,364,22,27,1,1,1
3419,2,730,361,22,29,1,1,1
3420,2,730,359,23,30,1,1,1
3421,2,731,357,23,31,1,1,1
3422,2,732,355,23,33,1,1,1
3423,2,729,354,25,34,1,1,1
3424,2,727,353,26,36,1,1,1
3425,2,724,352,28,38,1,1,1
3426,2,722,351,29,40,1,1,1
3427,2,715,348,30,42,1,1,1
3428,2,708,345,32,44,1,1,1
3429,2,702,342,33,46,1,1,1
3430,2,695,339,34,48,1,1,1
3431,2,688,336,36,50,1,1,1
3432,2,682,333,37,52,1,1,1
3433,2,673,330,39,53,1,1,1
3434,2,664,328,42,54,1,1,1
3435,2,655,325,44,55,1,1,1
3436,2,646,323,47,56,1,1,1
3437,2,638,317,50,61,1,1,1
3438,2,630,311,53,66,1,1,1
3439,2,623,305,55,71,1,1,1
3440,2,615,299,58,76,1,1,1
3441,2,607,293,61,81,1,1,1
3442,2,600,288,64,86,1,1,1
3443,2,598,282,67,89,1,1,1
3444,2,596,277,70,91,1,1,1
3445,2,594,271,73,94,1,1,1
3446,2,593,266,75,96,1,1,1
3447,2,599,258,78,99,1,1,1
3448,2,606,250,80,102,1,1,1
3449,2,612,242,83,105,1,1,1
3450,2,619,234,85,108,1,1,1
3451,2,625,226,88,111,1,1,1
3452,2,632,219,91,114,1,1,1
3453,2,638,217,91,112,1,1,1
3454,2,645,215,91,111,1,1,1
3455,2,651,213,91,110,1,1,1
3456,2,658,211,91,109,1,1,1
3457,2,665,210,91,107,1,1,1
3458,2,664,207,91,106,1,1,1
3459,2,664,205,91,105,1,1,1
3460,2,664,202,90,104,1,1,1
3461,2,664,200,90,103,1,1,1
3462,2,664,198,90,102,1,1,1
3463,2,660,200,88,100,1,1,1
3464,2,657,203,86,98,1,1,1
3465,2,654,206,83,96,1,1,1
3466,2,651,209,81,94,1,1,1
3467,2,648,212,79,92,1,1,1
3468,2,644,214,77,91,1,1,1
3469,2,641,217,75,89,1,1,1
3470,2,638,220,72,87,1,1,1
3471,2,635,223,70,85,1,1,1
3472,2,632,226,68,83,1,1,1
3473,2,633,229,66,81,1,1,1
3474,2,634,233,64,78,1,1,1
3475,2,635,236,62,76,1,1,1
3476,2,636,240,61,74,1,1,1
3477,2,637,243,59,72,1,1,1
3478,2,638,247,57,69,1,1,1
3479,2,639,250,56,68,1,1,1
3480,2,640,254,54,65,1,1,1
3481,2,641,257,52,63,1,1,1
3482,2,642,261,51,61,1,1,1
3483,2,645,263,49,59,1,1,1
3484,2,648,265,47,58,1,1,1
3485,2,651,267,45,57,1,1,1
3486,2,654,269,43,56,1,1,1
3487,2,658,272,41,54,1,1,1
3488,2,661,274,39,53,1,1,1
3489,2,664,276,37,52,1,1,1
3490,2,667,278,35,51,1,1,1
3491,2,670,280,33,50,1,1,1
3492,2,674,283,31,48,1,1,1
3493,2,674,284,31,48,1,1,1
3494,2,675,286,31,48,1,1,1
3495,2,676,287,31,48,1,1,1
3496,2,677,289,31,48,1,1,1
3497,2,678,290,31,48,1,1,1
3498,2,679,292,31,48,1,1,1
3499,2,679,292,31,48,1,1,1
3500,2,525,144,123,139,1,1,1
3501,2,519,142,121,139,1,1,1
3502,2,513,141,120,139,1,1,1
3503,2,507,139,119,139,1,1,1
3504,2,501,138,117,139,1,1,1
3505,2,495,137,116,138,1,1,1
3506,2,489,135,115,139,1,1,1
3507,2,483,134,113,138,1,1,1
3508,2,477,132,112,139,1,1,1
3509,2,471,131,111,138,1,1,1
3510,2,465,130,110,138,1,1,1
3511,2,467,131,110,138,1,1,1
3512,2,470,132,110,138,1,1,1
3513,2,473,133,110,138,1,1,1
3514,2,476,134,110,138,1,1,1
3515,2,479,136,110,138,1,1,1
3516,2,481,137,110,138,1,1,1
3517,2,484,138,110,138,1,1,1
3518,2,487,139,110,138,1,1,1
3519,2,490,140,110,138,1,1,1
3520,2,493,142,110,138,1,1,1
3521,2,495,144,110,138,1,1,1
3522,2,497,146,110,138,1,1,1
3523,2,499,148,110,138,1,1,1
3524,2,502,150,110,138,1,1,1
3525,2,504,152,110,138,1,1,1
3526,2,506,154,110,138,1,1,1
3527,2,509,156,110,138,1,1,1
3528,2,511,158,110,138,1,1,1
3529,2,513,160,110,138,1,1,1
3530,2,516,163,110,138,1,1,1
3531,2,519,166,109,138,1,1,1
3532,2,522,170,108,137,1,1,1
3533,2,525,173,107,138,1,1,1
3534,2,528,177,106,137,1,1,1
3535,2,532,180,104,138,1,1,1
3536,2,535,184,103,137,1,1,1
3537,2,538,187,102,137,1,1,1
3538,2,541,191,101,137,1,1,1
3539,2,544,194,100,137,1,1,1
3540,2,548,198,99,137,1,1,1
3541,2,550,200,99,137,1,1,1
3542,2,553,203,99,137,1,1,1
3543,2,556,205,99,137,1,1,1
3544,2,559,208,99,137,1,1,1
3545,2,562,211,99,137,1,1,1
3546,2,564,213,99,137,1,1,1
3547,2,567,216,99,137,1,1,1
3548,2,570,218,99,137,1,1,1
3549,2,573,221,99,137,1,1,1
3550,2,576,224,99,137,1,1,1
3551,2,567,215,108,153,1,1,1
3552,2,559,207,117,168,1,1,1
3553,2,551,198,125,184,1,1,1
3554,2,543,190,134,200,1,1,1
3555,2,535,182,142,215,1,1,1
3556,2,527,173,151,231,1,1,1
3557,2,519,165,159,247,1,1,1
3558,2,511,156,168,263,1,1,1
3559,2,503,148,176,278,1,1,1
3560,2,495,140,185,294,1,1,1
3561,2,487,139,190,294,1,1,1
3562,2,480,138,194,294,1,1,1
3563,2,472,138,199,294,1,1,1
3564,2,465,137,203,294,1,1,1
3565,2,457,137,208,293,1,1,1
3566,2,450,136,213,294,1,1,1
3567,2,442,136,218,293,1,1,1
3568,2,435,135,222,293,1,1,1
3569,2,427,135,227,293,1,1,1
3570,2,420,134,231,293,1,1,1
3571,2,420,134,231,293,1,1,1
3572,2,853,359,25,29,1,1,1
3573,2,853,359,23,26,1,1,1
3574,2,850,356,24,27,1,1,1
3575,2,847,354,24,27,1,1,1
3576,2,845,352,24,27,1,1,1
3577,2,842,350,24,27,1,1,1
3578,2,840,349,24,27,1,1,1
3579,2,837,347,24,27,1,1,1
3580,2,835,345,24,27,1,1,1
3581,2,832,344,24,27,1,1,1
3582,2,830,342,24,27,1,1,1
3583,2,827,340,24,27,1,1,1
3584,2,825,339,24,27,1,1,1
3585,2,820,335,24,28,1,1,1
3586,2,815,332,25,29,1,1,1
3587,2,811,329,25,30,1,1,1
3588,2,806,326,26,31,1,1,1
3589,2,802,323,26,32,1,1,1
3590,2,797,319,27,34,1,1,1
3591,2,792,316,28,35,1,1,1
3592,2,788,313,28,36,1,1,1
3593,2,783,310,29,37,1,1,1
3594,2,779,307,29,38,1,1,1
3595,2,774,305,30,39,1,1,1
3596,2,769,303,31,40,1,1,1
3597,2,764,301,32,41,1,1,1
3598,2,759,299,33,42,1,1,1
3599,2,755,298,33,43,1,1,1
3600,2,750,296,34,44,1,1,1
3601,2,745,294,35,45,1,1,1
3602,2,740,292,36,46,1,1,1
3603,2,735,290,37,47,1,1,1
3604,2,731,289,38,48,1,1,1
3605,2,727,285,40,50,1,1,1
3606,2,724,282,41,51,1,1,1
3607,2,721,278,42,54,1,1,1
3608,2,717,275,44,55,1,1,1
3609,2,714,272,45,57,1,1,1
3610,2,711,268,46,59,1,1,1
3611,2,707,265,48,60,1,1,1
3612,2,704,261,49,63,1,1,1
3613,2,701,258,50,64,1,1,1
3614,2,698,255,51,66,1,1,1
3615,2,693,252,54,69,1,1,1
3616,2,689,250,57,71,1,1,1
3617,2,684,247,60,74,1,1,1
3618,2,680,245,63,77,1,1,1
3619,2,675,243,67,79,1,1,1
3620,2,671,240,69,82,1,1,1
3621,2,666,238,73,85,1,1,1
3622,2,662,235,75,88,1,1,1
3623,2,657,233,79,90,1,1,1
3624,2,653,231,82,93,1,1,1
3625,2,642,227,87,97,1,1,1
3626,2,632,223,91,102,1,1,1
3627,2,621,220,96,106,1,1,1
3628,2,611,216,100,111,1,1,1
3629,2,601,213,104,115,1,1,1
3630,2,590,209,109,120,1,1,1
3631,2,580,205,113,125,1,1,1
3632,2,569,202,118,129,1,1,1
3633,2,559,198,122,134,1,1,1
3634,2,549,195,127,138,1,1,1
3635,2,543,194,130,141,1,1,1
3636,2,537,193,133,145,1,1,1
3637,2,531,192,136,148,1,1,1
3638,2,525,191,140,152,1,1,1
3639,2,520,191,142,154,1,1,1
3640,2,514,190,145,158,1,1,1
3641,2,508,189,149,161,1,1,1
3642,2,502,188,152,165,1,1,1
3643,2,496,187,155,168,1,1,1
3644,2,491,187,158,171,1,1,1
3645,2,489,180,161,176,1,1,1
3646,2,487,174,165,180,1,1,1
3647,2,485,167,169,186,1,1,1
3648,2,483,161,173,190,1,1,1
3649,2,481,154,177,196,1,1,1
3650,2,479,148,181,200,1,1,1
3651,2,477,141,185,205,1,1,1
3652,2,475,135,189,210,1,1,1
3653,2,473,128,193,215,1,1,1
3654,2,471,122,197,220,1,1,1
3655,2,477,122,199,222,1,1,1
3656,2,484,122,201,225,1,1,1
3657,2,490,122,204,228,1,1,1
3658,2,497,122,205,231,1,1,1
3659,2,504,123,207,233,1,1,1
3660,2,510,123,210,235,1,1,1
3661,2,517,123,211,238,1,1,1
3662,2,523,123,214,241,1,1,1
3663,2,530,123,216,244,1,1,1
3664,2,537,124,218,246,1,1,1
3665,2,540,129,218,246,1,1,1
3666,2,543,135,218,246,1,1,1
3667,2,546,140,218,246,1,1,1
3668,2,546,140,218,246,1,1,1
3807,2,538,310,144,181,1,1,1
3808,2,540,309,144,181,1,1,1
3809,2,543,308,144,181,1,1,1
3810,2,546,307,144,181,1,1,1
3811,2,548,306,144,181,1,1,1
3812,2,551,305,144,181,1,1,1
3813,2,554,304,144,181,1,1,1
3814,2,556,303,144,181,1,1,1
3815,2,559,302,144,181,1,1,1
3816,2,562,301,144,181,1,1,1
3817,2,565,300,144,181,1,1,1
3818,2,566,300,144,181,1,1,1
3819,2,567,300,144,181,1,1,1
3820,2,569,300,144,181,1,1,1
3821,2,570,300,144,181,1,1,1
3822,2,572,300,144,181,1,1,1
3823,2,573,300,144,181,1,1,1
3824,2,574,300,144,181,1,1,1
3825,2,576,300,144,181,1,1,1
3826,2,577,300,144,181,1,1,1
3827,2,579,300,144,181,1,1,1
3828,2,581,301,144,181,1,1,1
3829,2,584,303,144,181,1,1,1
3830,2,587,305,144,181,1,1,1
3831,2,589,306,144,182,1,1,1
3832,2,592,308,144,182,1,1,1
3833,2,595,310,144,181,1,1,1
3834,2,598,312,144,181,1,1,1
3835,2,600,313,144,182,1,1,1
3836,2,603,315,144,182,1,1,1
3837,2,606,317,144,182,1,1,1
3838,2,606,317,144,182,1,1,1
3869,2,889,338,27,29,1,1,1
3870,2,889,338,27,29,1,1,1
3871,2,890,339,26,29,1,1,1
3872,2,891,339,25,29,1,1,1
3873,2,891,340,25,29,1,1,1
3874,2,892,340,25,29,1,1,1
3875,2,893,341,24,29,1,1,1
3876,2,893,341,24,29,1,1,1
3877,2,894,342,23,29,1,1,1
3878,2,895,342,22,29,1,1,1
3879,2,896,343,22,29,1,1,1
3880,2,898,343,22,29,1,1,1
3881,2,901,344,22,29,1,1,1
3882,2,904,344,22,29,1,1,1
3883,2,907,345,22,29,1,1,1
3884,2,910,346,22,29,1,1,1
3885,2,912,346,22,29,1,1,1
3886,2,915,347,22,29,1,1,1
3887,2,918,347,22,29,1,1,1
3888,2,921,348,22,29,1,1,1
3889,2,924,349,22,29,1,1,1
3890,2,925,348,22,29,1,1,1
3891,2,926,347,22,29,1,1,1
3892,2,927,346,22,29,1,1,1
3893,2,928,345,22,29,1,1,1
3894,2,929,344,22,29,1,1,1
3895,2,930,343,22,29,1,1,1
3896,2,931,342,22,29,1,1,1
3897,2,932,341,22,29,1,1,1
3898,2,933,340,22,29,1,1,1
3899,2,934,340,22,29,1,1,1
3900,2,934,336,22,29,1,1,1
3901,2,935,332,22,29,1,1,1
3902,2,936,328,22,29,1,1,1
3903,2,937,324,22,29,1,1,1
3904,2,938,320,22,29,1,1,1
3905,2,939,317,22,29,1,1,1
3906,2,937,314,22,28,1,1,1
3907,2,936,311,22,28,1,1,1
3908,2,935,308,22,28,1,1,1
3909,2,934,305,22,28,1,1,1
3910,2,934,304,22,28,1,1,1
3911,2,935,303,22,28,1,1,1
3912,2,935,302,22,28,1,1,1
3913,2,936,301,22,28,1,1,1
3914,2,936,300,22,28,1,1,1
3915,2,937,299,22,28,1,1,1
3916,2,937,298,22,28,1,1,1
3917,2,938,297,22,28,1,1,1
3918,2,938,296,22,28,1,1,1
3919,2,939,296,22,28,1,1,1
3920,2,940,295,22,28,1,1,1
3921,2,941,294,23,29,1,1,1
3922,2,942,293,24,29,1,1,1
3923,2,943,292,25,30,1,1,1
3924,2,944,291,26,30,1,1,1
3925,2,945,290,26,31,1,1,1
3926,2,946,289,27,31,1,1,1
3927,2,947,288,28,32,1,1,1
3928,2,948,287,29,32,1,1,1
3929,2,949,286,30,33,1,1,1
3930,2,951,286,30,33,1,1,1
3931,2,954,286,30,33,1,1,1
3932,2,957,286,30,33,1,1,1
3933,2,960,286,30,34,1,1,1
3934,2,962,286,30,34,1,1,1
3935,2,965,286,30,34,1,1,1
3936,2,968,286,30,34,1,1,1
3937,2,971,287,30,34,1,1,1
3938,2,973,287,30,34,1,1,1
3939,2,975,288,30,34,1,1,1
3940,2,978,289,30,33,1,1,1
3941,2,980,290,30,33,1,1,1
3942,2,983,291,30,33,1,1,1
3943,2,984,290,30,33,1,1,1
3944,2,986,289,30,33,1,1,1
3945,2,988,288,30,33,1,1,1
3946,2,989,288,30,33,1,1,1
3947,2,991,287,30,33,1,1,1
3948,2,993,286,30,33,1,1,1
3949,2,995,286,30,33,1,1,1
3950,2,995,285,30,33,1,1,1
3951,2,995,285,30,33,1,1,1
3952,2,995,284,30,33,1,1,1
3953,2,996,284,30,33,1,1,1
3954,2,996,284,30,33,1,1,1
3955,2,996,283,30,33,1,1,1
3956,2,997,283,30,33,1,1,1
3957,2,997,282,30,33,1,1,1
3958,2,997,282,30,33,1,1,1
3959,2,998,282,30,33,1,1,1
3960,2,998,282,30,33,1,1,1
3961,2,999,282,30,33,1,1,1
3962,2,1000,282,30,33,1,1,1
3963,2,1001,282,30,33,1,1,1
3964,2,1002,282,30,33,1,1,1
3965,2,1002,282,30,33,1,1,1
3966,2,1003,282,30,33,1,1,1
3967,2,1004,282,30,33,1,1,1
3968,2,1005,282,30,33,1,1,1
3969,2,1006,282,30,33,1,1,1
3970,2,1006,281,30,33,1,1,1
3971,2,1007,281,30,33,1,1,1
3972,2,1007,280,30,33,1,1,1
3973,2,1008,280,30,33,1,1,1
3974,2,1009,280,30,33,1,1,1
3975,2,1009,279,30,33,1,1,1
3976,2,1010,279,30,33,1,1,1
3977,2,1010,278,30,33,1,1,1
3978,2,1011,278,30,33,1,1,1
3979,2,1012,278,30,33,1,1,1
3980,2,1009,276,30,34,1,1,1
3981,2,1007,275,30,34,1,1,1
3982,2,1005,274,30,34,1,1,1
3983,2,1003,273,30,34,1,1,1
3984,2,1003,273,30,34,1,1,1
4131,2,609,2,98,91,1,1,1
4132,2,623,5,96,101,1,1,1
4133,2,639,15,90,96,1,1,1
4134,2,648,28,86,92,1,1,1
4135,2,658,41,82,89,1,1,1
4136,2,668,55,78,85,1,1,1
4137,2,678,68,73,82,1,1,1
4138,2,688,82,69,78,1,1,1
4139,2,698,95,65,75,1,1,1
4140,2,708,109,61,71,1,1,1
4141,2,715,125,57,67,1,1,1
4142,2,723,141,52,64,1,1,1
4143,2,731,157,48,61,1,1,1
4144,2,734,168,47,59,1,1,1
4145,2,738,179,46,57,1,1,1
4146,2,742,191,45,55,1,1,1
4147,2,742,200,43,54,1,1,1
4148,2,742,210,42,52,1,1,1
4149,2,742,220,41,50,1,1,1
4150,2,742,230,39,48,1,1,1
4151,2,742,240,38,46,1,1,1
4152,2,742,250,37,44,1,1,1
4153,2,743,260,35,43,1,1,1
4154,2,740,267,35,42,1,1,1
4155,2,737,274,35,41,1,1,1
4156,2,735,281,34,40,1,1,1
4157,2,731,284,34,39,1,1,1
4158,2,728,288,33,38,1,1,1
4159,2,725,291,32,38,1,1,1
4160,2,722,295,32,36,1,1,1
4161,2,719,298,31,36,1,1,1
4162,2,716,302,30,35,1,1,1
4163,2,713,306,30,34,1,1,1
4164,2,708,306,30,33,1,1,1
4165,2,703,306,30,33,1,1,1
4166,2,698,306,30,33,1,1,1
4167,2,693,306,30,33,1,1,1
4168,2,688,306,30,33,1,1,1
4169,2,683,309,30,33,1,1,1
4170,2,678,312,30,34,1,1,1
4171,2,673,316,30,33,1,1,1
4172,2,668,319,30,34,1,1,1
4173,2,663,323,30,34,1,1,1
4174,2,659,323,30,34,1,1,1
4175,2,655,323,30,34,1,1,1
4176,2,651,324,30,34,1,1,1
4177,2,647,324,30,34,1,1,1
4178,2,644,325,30,34,1,1,1
4179,2,640,325,30,34,1,1,1
4180,2,636,325,30,34,1,1,1
4181,2,632,326,30,34,1,1,1
4182,2,628,326,30,34,1,1,1
4183,2,625,327,30,34,1,1,1
4184,2,623,327,30,34,1,1,1
4185,2,622,328,29,33,1,1,1
4186,2,621,329,29,32,1,1,1
4187,2,620,330,28,32,1,1,1
4188,2,619,331,28,31,1,1,1
4189,2,617,332,28,30,1,1,1
4190,2,616,333,27,30,1,1,1
4191,2,615,334,27,29,1,1,1
4192,2,614,335,26,28,1,1,1
4193,2,613,336,26,28,1,1,1
4194,2,611,337,26,28,1,1,1
4195,2,610,338,26,28,1,1,1
4196,2,608,340,26,28,1,1,1
4197,2,607,341,26,28,1,1,1
4198,2,606,343,26,28,1,1,1
4199,2,604,344,26,28,1,1,1
4200,2,603,345,26,28,1,1,1
4201,2,601,347,26,28,1,1,1
4202,2,600,348,26,28,1,1,1
4203,2,599,350,26,28,1,1,1
4204,2,599,350,26,28,1,1,1
4205,2,599,351,26,28,1,1,1
4206,2,599,352,26,28,1,1,1
4207,2,599,352,26,28,1,1,1
4208,2,599,353,26,28,1,1,1
4209,2,599,354,26,28,1,1,1
4210,2,599,354,26,28,1,1,1
4211,2,599,355,26,28,1,1,1
4212,2,599,356,26,28,1,1,1
4213,2,599,357,26,28,1,1,1
4214,2,600,358,26,28,1,1,1
4215,2,601,359,26,28,1,1,1
4216,2,602,360,26,28,1,1,1
4217,2,603,361,26,28,1,1,1
4218,2,604,362,26,28,1,1,1
4219,2,604,362,26,28,1,1,1
4220,2,836,160,114,133,1,1,1
4221,2,833,157,114,133,1,1,1
4222,2,831,155,114,133,1,1,1
4223,2,828,152,114,133,1,1,1
4224,2,826,150,114,133,1,1,1
4225,2,823,147,114,133,1,1,1
4226,2,821,145,114,133,1,1,1
4227,2,818,142,114,133,1,1,1
4228,2,816,140,114,133,1,1,1
4229,2,813,137,114,133,1,1,1
4230,2,811,135,114,133,1,1,1
4231,2,809,134,114,133,1,1,1
4232,2,807,133,114,133,1,1,1
4233,2,806,132,114,133,1,1,1
4234,2,804,132,114,133,1,1,1
4235,2,803,131,114,133,1,1,1
4236,2,801,130,114,133,1,1,1
4237,2,799,130,114,133,1,1,1
4238,2,798,129,114,133,1,1,1
4239,2,796,128,114,133,1,1,1
4240,2,795,128,114,133,1,1,1
4241,2,793,129,114,133,1,1,1
4242,2,792,130,114,133,1,1,1
4243,2,791,131,114,133,1,1,1
4244,2,790,133,114,133,1,1,1
4245,2,789,134,114,133,1,1,1
4246,2,787,135,114,133,1,1,1
4247,2,786,137,114,133,1,1,1
4248,2,785,138,114,133,1,1,1
4249,2,784,139,114,133,1,1,1
4250,2,783,141,114,133,1,1,1
4251,2,784,138,114,133,1,1,1
4252,2,785,136,114,133,1,1,1
4253,2,786,134,114,133,1,1,1
4254,2,787,132,114,133,1,1,1
4255,2,789,130,114,133,1,1,1
4256,2,790,128,114,133,1,1,1
4257,2,791,126,114,133,1,1,1
4258,2,792,124,114,133,1,1,1
4259,2,793,122,114,133,1,1,1
4260,2,795,120,114,133,1,1,1
4261,2,795,119,114,133,1,1,1
4262,2,796,119,114,133,1,1,1
4263,2,796,119,114,133,1,1,1
4264,2,797,118,114,133,1,1,1
4265,2,798,118,114,133,1,1,1
4266,2,798,118,114,133,1,1,1
4267,2,799,117,114,133,1,1,1
4268,2,799,117,114,133,1,1,1
4269,2,800,117,114,133,1,1,1
4270,2,801,117,114,133,1,1,1
4271,2,798,116,114,134,1,1,1
4272,2,796,116,114,134,1,1,1
4273,2,794,116,114,134,1,1,1
4274,2,792,116,114,134,1,1,1
4275,2,790,116,114,134,1,1,1
4276,2,788,116,114,134,1,1,1
4277,2,786,116,114,134,1,1,1
4278,2,784,116,114,134,1,1,1
4279,2,782,116,114,134,1,1,1
4280,2,780,116,114,134,1,1,1
4281,2,778,115,112,132,1,1,1
4282,2,777,115,109,129,1,1,1
4283,2,775,115,107,126,1,1,1
4284,2,774,114,105,125,1,1,1
4285,2,772,114,103,122,1,1,1
4286,2,771,114,100,119,1,1,1
4287,2,769,113,99,118,1,1,1
4288,2,768,113,96,115,1,1,1
4289,2,766,113,94,112,1,1,1
4290,2,765,113,92,110,1,1,1
4291,2,763,115,91,108,1,1,1
4292,2,761,118,90,106,1,1,1
4293,2,759,120,89,104,1,1,1
4294,2,757,123,88,102,1,1,1
4295,2,755,126,87,99,1,1,1
4296,2,753,128,86,98,1,1,1
4297,2,751,131,85,95,1,1,1
4298,2,749,133,84,94,1,1,1
4299,2,747,136,83,91,1,1,1
4300,2,745,139,82,89,1,1,1
4301,2,742,139,82,89,1,1,1
4302,2,740,140,82,89,1,1,1
4303,2,738,141,82,89,1,1,1
4304,2,735,142,82,89,1,1,1
4305,2,733,143,82,89,1,1,1
4306,2,731,144,82,89,1,1,1
4307,2,728,145,82,89,1,1,1
4308,2,726,146,82,89,1,1,1
4309,2,724,147,82,89,1,1,1
4310,2,722,148,82,89,1,1,1
4311,2,722,147,81,88,1,1,1
4312,2,722,147,80,87,1,1,1
4313,2,722,147,79,86,1,1,1
4314,2,722,146,78,86,1,1,1
4315,2,722,146,77,85,1,1,1
4316,2,722,146,76,83,1,1,1
4317,2,722,145,75,83,1,1,1
4318,2,722,145,74,82,1,1,1
4319,2,722,145,73,81,1,1,1
4320,2,722,145,72,80,1,1,1
4321,2,720,145,72,80,1,1,1
4322,2,719,145,72,80,1,1,1
4323,2,717,145,72,80,1,1,1
4324,2,716,145,72,80,1,1,1
4325,2,714,145,72,80,1,1,1
4326,2,713,145,72,80,1,1,1
4327,2,711,145,72,80,1,1,1
4328,2,710,145,72,80,1,1,1
4329,2,708,145,72,80,1,1,1
4330,2,707,146,72,80,1,1,1
4331,2,706,146,72,80,1,1,1
4332,2,706,146,72,80,1,1,1
4333,2,705,146,72,80,1,1,1
4334,2,705,146,72,80,1,1,1
4335,2,704,146,72,80,1,1,1
4336,2,704,146,72,80,1,1,1
4337,2,703,146,72,80,1,1,1
4338,2,703,146,72,80,1,1,1
4339,2,702,146,72,80,1,1,1
4340,2,702,147,72,80,1,1,1
4341,2,701,146,71,79,1,1,1
4342,2,701,145,70,78,1,1,1
4343,2,700,144,70,77,1,1,1
4344,2,700,143,69,77,1,1,1
4345,2,700,143,68,75,1,1,1
4346,2,699,142,68,74,1,1,1
4347,2,699,141,67,74,1,1,1
4348,2,698,140,67,73,1,1,1
4349,2,698,139,66,72,1,1,1
4350,2,698,139,65,71,1,1,1
4351,2,697,139,64,70,1,1,1
4352,2,696,139,64,69,1,1,1
4353,2,695,139,64,68,1,1,1
4354,2,694,139,63,67,1,1,1
4355,2,694,140,62,66,1,1,1
4356,2,693,140,62,65,1,1,1
4357,2,692,140,61,64,1,1,1
4358,2,691,140,61,63,1,1,1
4359,2,690,140,61,62,1,1,1
4360,2,690,141,60,61,1,1,1
4361,2,689,142,58,61,1,1,1
4362,2,688,144,57,60,1,1,1
4363,2,687,146,56,59,1,1,1
4364,2,686,147,55,59,1,1,1
4365,2,685,149,54,58,1,1,1
4366,2,684,151,53,57,1,1,1
4367,2,683,152,52,57,1,1,1
4368,2,682,154,51,56,1,1,1
4369,2,681,156,50,55,1,1,1
4370,2,681,158,48,54,1,1,1
4371,2,680,159,48,54,1,1,1
4372,2,679,161,48,53,1,1,1
4373,2,679,163,47,52,1,1,1
4374,2,678,165,48,52,1,1,1
4375,2,678,167,47,51,1,1,1
4376,2,677,168,47,51,1,1,1
4377,2,676,170,48,51,1,1,1
4378,2,676,172,47,50,1,1,1
4379,2,675,174,47,49,1,1,1
4380,2,675,176,47,49,1,1,1
4381,2,674,174,47,49,1,1,1
4382,2,674,173,47,49,1,1,1
4383,2,674,172,47,49,1,1,1
4384,2,673,170,47,49,1,1,1
4385,2,673,169,47,49,1,1,1
4386,2,673,168,47,49,1,1,1
4387,2,672,166,47,49,1,1,1
4388,2,672,165,47,49,1,1,1
4389,2,672,164,47,49,1,1,1
4390,2,672,163,47,49,1,1,1
4391,2,671,161,47,49,1,1,1
4392,2,670,160,47,49,1,1,1
4393,2,669,158,47,49,1,1,1
4394,2,669,157,47,49,1,1,1
4395,2,668,155,47,49,1,1,1
4396,2,667,154,47,49,1,1,1
4397,2,667,154,47,49,1,1,1
4398,2,476,89,163,192,1,1,1
4399,2,476,96,161,188,1,1,1
4400,2,477,104,158,183,1,1,1
4401,2,477,111,156,179,1,1,1
4402,2,478,119,153,175,1,1,1
4403,2,479,126,150,171,1,1,1
4404,2,479,134,148,166,1,1,1
4405,2,480,141,145,163,1,1,1
4406,2,480,149,143,158,1,1,1
4407,2,481,156,140,154,1,1,1
4408,2,482,164,138,150,1,1,1
4409,2,482,168,135,146,1,1,1
4410,2,482,173,132,142,1,1,1
4411,2,482,177,129,138,1,1,1
4412,2,482,182,126,134,1,1,1
4413,2,482,186,123,130,1,1,1
4414,2,482,191,121,126,1,1,1
4415,2,483,193,116,122,1,1,1
4416,2,484,195,111,118,1,1,1
4417,2,485,198,107,114,1,1,1
4418,2,486,200,102,110,1,1,1
4419,2,488,203,97,106,1,1,1
4420,2,488,205,96,104,1,1,1
4421,2,489,208,95,102,1,1,1
4422,2,490,211,93,100,1,1,1
4423,2,491,214,92,98,1,1,1
4424,2,492,217,90,96,1,1,1
4425,2,493,220,89,94,1,1,1
4426,2,494,223,87,92,1,1,1
4427,2,495,226,86,90,1,1,1
4428,2,498,233,83,87,1,1,1
4429,2,502,240,80,85,1,1,1
4430,2,505,247,78,82,1,1,1
4431,2,509,254,74,80,1,1,1
4432,2,512,261,72,77,1,1,1
4433,2,516,268,69,75,1,1,1
4434,2,520,276,66,72,1,1,1
4435,2,525,286,63,69,1,1,1
4436,2,531,296,60,67,1,1,1
4437,2,536,306,58,64,1,1,1
4438,2,542,317,55,61,1,1,1
4439,2,546,326,53,59,1,1,1
4440,2,550,335,52,58,1,1,1
4441,2,555,344,49,56,1,1,1
4442,2,559,353,48,55,1,1,1
4443,2,563,362,46,53,1,1,1
4444,2,568,372,44,51,1,1,1
4445,2,572,377,42,50,1,1,1
4446,2,576,383,40,48,1,1,1
4447,2,580,389,38,46,1,1,1
4448,2,584,395,37,44,1,1,1
4449,2,586,396,36,43,1,1,1
4450,2,589,398,35,42,1,1,1
4451,2,592,400,34,41,1,1,1
4452,2,595,402,33,40,1,1,1
4453,2,598,404,32,39,1,1,1
4454,2,601,405,31,39,1,1,1
4455,2,604,407,30,38,1,1,1
4456,2,607,409,29,37,1,1,1
4457,2,610,411,28,36,1,1,1
4458,2,613,413,27,35,1,1,1
4459,2,614,413,27,35,1,1,1
4460,2,615,413,27,35,1,1,1
4461,2,615,413,27,35,1,1,1
4462,2,670,293,46,55,1,1,1
4463,2,670,294,46,55,1,1,1
4464,2,670,295,46,55,1,1,1
4465,2,670,296,46,55,1,1,1
4466,2,671,297,46,55,1,1,1
4467,2,671,298,46,55,1,1,1
4468,2,671,299,46,55,1,1,1
4469,2,672,300,46,55,1,1,1
4470,2,672,301,46,55,1,1,1
4471,2,672,302,46,55,1,1,1
4472,2,673,304,46,55,1,1,1
4473,2,673,304,46,55,1,1,1
4474,2,674,304,46,55,1,1,1
4475,2,674,305,46,55,1,1,1
4476,2,675,305,46,55,1,1,1
4477,2,676,306,46,55,1,1,1
4478,2,676,306,46,55,1,1,1
4479,2,677,306,46,55,1,1,1
4480,2,677,307,46,55,1,1,1
4481,2,678,307,46,55,1,1,1
4482,2,679,308,46,55,1,1,1
4483,2,679,308,46,55,1,1,1
4484,2,679,308,46,55,1,1,1
4485,2,679,308,46,55,1,1,1
4486,2,679,308,46,55,1,1,1
4487,2,680,308,46,55,1,1,1
4488,2,680,308,46,55,1,1,1
4489,2,680,308,46,55,1,1,1
4490,2,680,308,46,55,1,1,1
4491,2,680,308,46,55,1,1,1
4492,2,681,309,46,55,1,1,1
4493,2,681,309,46,55,1,1,1
4494,2,681,309,46,55,1,1,1
4495,2,681,309,46,55,1,1,1
4496,2,681,309,46,55,1,1,1
4497,2,682,309,46,55,1,1,1
4498,2,682,309,46,55,1,1,1
4499,2,682,309,46,55,1,1,1
4500,2,682,309,46,55,1,1,1
4501,2,682,309,46,55,1,1,1
4502,2,683,310,46,55,1,1,1
4503,2,683,310,46,55,1,1,1
4504,2,684,310,46,55,1,1,1
4505,2,685,310,46,55,1,1,1
4506,2,686,310,46,55,1,1,1
4507,2,687,310,46,56,1,1,1
4508,2,687,310,46,56,1,1,1
4509,2,688,310,46,56,1,1,1
4510,2,689,310,46,56,1,1,1
4511,2,690,310,46,56,1,1,1
4512,2,691,311,46,56,1,1,1
4513,2,691,311,46,56,1,1,1
4514,2,691,311,46,56,1,1,1
4515,2,692,311,46,56,1,1,1
4516,2,692,311,46,56,1,1,1
4517,2,693,311,46,56,1,1,1
4518,2,693,311,46,56,1,1,1
4519,2,693,311,46,56,1,1,1
4520,2,694,311,46,56,1,1,1
4521,2,694,311,46,56,1,1,1
4522,2,695,312,46,56,1,1,1
4523,2,695,312,46,56,1,1,1
4524,2,695,312,46,56,1,1,1
4525,2,695,312,46,56,1,1,1
4526,2,696,312,46,56,1,1,1
4527,2,696,312,46,56,1,1,1
4528,2,696,312,46,56,1,1,1
4529,2,697,312,46,56,1,1,1
4530,2,697,312,46,56,1,1,1
4531,2,697,312,46,56,1,1,1
4532,2,698,312,46,56,1,1,1
4533,2,698,312,46,56,1,1,1
4534,2,698,312,46,56,1,1,1
4535,2,698,312,46,56,1,1,1
4536,2,698,312,46,56,1,1,1
4537,2,698,312,46,56,1,1,1
4538,2,698,312,46,56,1,1,1
