1,3,392,154,78,94,1,1,1
2,3,384,154,78,94,1,1,1
3,3,377,154,78,94,1,1,1
4,3,370,154,78,94,1,1,1
5,3,363,155,78,93,1,1,1
6,3,356,155,78,93,1,1,1
7,3,349,155,78,93,1,1,1
8,3,342,156,78,93,1,1,1
9,3,334,159,78,94,1,1,1
10,3,326,163,78,94,1,1,1
11,3,319,167,77,94,1,1,1
12,3,315,177,78,94,1,1,1
13,3,312,187,78,94,1,1,1
14,3,309,197,78,94,1,1,1
15,3,311,195,78,94,1,1,1
16,3,314,193,78,94,1,1,1
17,3,317,191,78,94,1,1,1
18,3,320,189,77,94,1,1,1
19,3,323,187,77,94,1,1,1
20,3,326,185,77,94,1,1,1
21,3,329,183,77,94,1,1,1
22,3,338,180,77,94,1,1,1
23,3,347,178,78,93,1,1,1
24,3,357,176,78,93,1,1,1
25,3,357,172,78,93,1,1,1
26,3,357,168,78,94,1,1,1
27,3,357,165,78,93,1,1,1
28,3,357,161,78,94,1,1,1
29,3,357,158,78,93,1,1,1
30,3,357,154,78,94,1,1,1
31,3,358,151,77,94,1,1,1
32,3,354,150,77,94,1,1,1
33,3,351,149,77,94,1,1,1
34,3,348,148,77,94,1,1,1
35,3,344,147,77,94,1,1,1
36,3,341,146,77,94,1,1,1
37,3,338,145,77,94,1,1,1
38,3,334,144,77,94,1,1,1
39,3,331,143,77,94,1,1,1
40,3,328,142,77,94,1,1,1
41,3,325,142,77,94,1,1,1
42,3,328,141,77,94,1,1,1
43,3,332,140,77,94,1,1,1
44,3,335,140,77,94,1,1,1
45,3,339,139,77,94,1,1,1
46,3,343,139,77,94,1,1,1
47,3,346,138,77,94,1,1,1
48,3,350,137,77,94,1,1,1
49,3,353,137,77,94,1,1,1
50,3,357,136,77,94,1,1,1
51,3,361,136,77,94,1,1,1
52,3,361,134,77,94,1,1,1
53,3,361,133,77,94,1,1,1
54,3,362,132,77,94,1,1,1
55,3,362,131,77,94,1,1,1
56,3,363,130,77,94,1,1,1
57,3,363,129,77,94,1,1,1
58,3,363,129,77,94,1,1,1
82,3,423,238,24,31,1,1,1
83,3,426,238,24,31,1,1,1
84,3,429,238,25,32,1,1,1
85,3,432,239,25,31,1,1,1
86,3,435,239,26,32,1,1,1
87,3,438,240,26,31,1,1,1
88,3,441,240,27,32,1,1,1
89,3,445,241,27,32,1,1,1
90,3,449,243,27,32,1,1,1
91,3,454,245,27,32,1,1,1
92,3,459,247,27,32,1,1,1
93,3,464,250,27,32,1,1,1
94,3,468,251,27,33,1,1,1
95,3,472,253,27,33,1,1,1
96,3,476,255,27,33,1,1,1
97,3,480,256,27,34,1,1,1
98,3,484,258,27,34,1,1,1
99,3,488,260,27,34,1,1,1
100,3,493,262,27,34,1,1,1
101,3,494,263,27,34,1,1,1
102,3,496,264,26,34,1,1,1
103,3,497,265,27,34,1,1,1
104,3,499,267,26,33,1,1,1
105,3,500,268,26,33,1,1,1
106,3,502,269,26,33,1,1,1
107,3,504,270,25,33,1,1,1
108,3,505,272,25,32,1,1,1
109,3,507,273,25,32,1,1,1
110,3,508,274,25,32,1,1,1
111,3,510,275,24,32,1,1,1
112,3,512,277,24,31,1,1,1
113,3,513,278,24,31,1,1,1
114,3,515,279,24,31,1,1,1
115,3,516,280,24,31,1,1,1
116,3,518,281,24,31,1,1,1
117,3,519,282,24,31,1,1,1
118,3,519,282,24,31,1,1,1
340,3,17,319,41,48,1,1,1
341,3,41,319,40,48,1,1,1
342,3,65,320,39,47,1,1,1
343,3,89,321,38,46,1,1,1
344,3,113,322,37,45,1,1,1
345,3,137,323,36,44,1,1,1
346,3,161,324,35,43,1,1,1
347,3,183,324,34,42,1,1,1
348,3,206,325,33,41,1,1,1
349,3,228,326,32,40,1,1,1
350,3,251,327,31,39,1,1,1
351,3,268,327,31,38,1,1,1
352,3,286,327,31,38,1,1,1
353,3,303,327,31,38,1,1,1
354,3,321,327,31,38,1,1,1
355,3,336,326,31,38,1,1,1
356,3,352,326,31,38,1,1,1
357,3,368,325,31,39,1,1,1
358,3,383,325,31,38,1,1,1
359,3,399,324,31,39,1,1,1
360,3,415,324,31,39,1,1,1
361,3,428,323,31,39,1,1,1
362,3,442,322,31,39,1,1,1
363,3,456,321,31,39,1,1,1
364,3,470,320,31,39,1,1,1
365,3,484,319,31,39,1,1,1
366,3,498,318,31,39,1,1,1
367,3,512,317,31,39,1,1,1
368,3,526,316,31,39,1,1,1
369,3,540,315,31,39,1,1,1
370,3,554,315,31,38,1,1,1
371,3,567,313,31,39,1,1,1
372,3,580,312,31,39,1,1,1
373,3,593,311,31,39,1,1,1
374,3,607,310,31,39,1,1,1
375,3,619,307,31,39,1,1,1
376,3,631,304,31,39,1,1,1
377,3,643,302,31,39,1,1,1
378,3,655,299,31,39,1,1,1
379,3,667,296,31,39,1,1,1
380,3,680,294,31,39,1,1,1
381,3,690,290,31,40,1,1,1
382,3,700,287,32,40,1,1,1
383,3,710,284,32,40,1,1,1
384,3,721,281,32,41,1,1,1
385,3,731,278,32,41,1,1,1
386,3,741,275,33,41,1,1,1
387,3,752,272,32,42,1,1,1
388,3,762,269,33,42,1,1,1
389,3,772,266,33,42,1,1,1
390,3,783,263,33,43,1,1,1
391,3,788,259,33,43,1,1,1
392,3,793,256,33,43,1,1,1
393,3,798,252,33,44,1,1,1
394,3,804,249,33,43,1,1,1
395,3,809,246,33,43,1,1,1
396,3,814,242,33,44,1,1,1
397,3,820,239,33,43,1,1,1
398,3,825,235,33,44,1,1,1
399,3,830,232,33,44,1,1,1
400,3,836,229,33,44,1,1,1
401,3,837,228,33,44,1,1,1
402,3,839,227,33,45,1,1,1
403,3,841,227,33,44,1,1,1
404,3,842,226,34,45,1,1,1
405,3,844,226,34,44,1,1,1
406,3,846,225,34,45,1,1,1
407,3,847,224,35,45,1,1,1
408,3,849,224,35,45,1,1,1
409,3,851,223,35,45,1,1,1
410,3,853,223,35,45,1,1,1
411,3,852,221,35,45,1,1,1
412,3,851,219,35,45,1,1,1
413,3,850,217,35,45,1,1,1
414,3,849,215,35,45,1,1,1
415,3,848,213,35,46,1,1,1
416,3,847,211,35,46,1,1,1
417,3,846,209,35,46,1,1,1
418,3,845,207,35,46,1,1,1
419,3,845,207,35,46,1,1,1
426,3,1037,3,104,97,1,1,1
427,3,1026,6,109,101,1,1,1
428,3,1019,7,110,105,1,1,1
429,3,1013,5,109,113,1,1,1
430,3,1002,5,117,125,1,1,1
431,3,996,7,115,132,1,1,1
432,3,996,14,116,144,1,1,1
433,3,985,33,116,141,1,1,1
434,3,995,66,103,128,1,1,1
435,3,993,90,103,128,1,1,1
436,3,992,115,103,128,1,1,1
437,3,991,140,103,128,1,1,1
438,3,989,170,103,128,1,1,1
439,3,988,201,103,128,1,1,1
440,3,986,232,103,128,1,1,1
441,3,985,263,103,128,1,1,1
442,3,983,285,103,128,1,1,1
443,3,981,307,104,128,1,1,1
444,3,981,307,104,128,1,1,1
445,3,808,267,48,53,1,1,1
446,3,811,270,47,54,1,1,1
447,3,814,265,49,58,1,1,1
448,3,818,259,49,57,1,1,1
449,3,823,254,49,56,1,1,1
450,3,828,248,49,56,1,1,1
451,3,833,243,49,55,1,1,1
452,3,837,233,49,55,1,1,1
453,3,842,223,49,55,1,1,1
454,3,847,213,49,55,1,1,1
455,3,852,204,49,54,1,1,1
456,3,855,201,49,54,1,1,1
457,3,858,199,49,54,1,1,1
458,3,861,196,49,54,1,1,1
459,3,864,194,50,54,1,1,1
460,3,867,195,50,54,1,1,1
461,3,870,197,50,54,1,1,1
462,3,874,199,49,54,1,1,1
463,3,877,200,49,54,1,1,1
464,3,880,202,49,54,1,1,1
465,3,884,204,49,54,1,1,1
466,3,888,203,49,55,1,1,1
467,3,892,202,49,57,1,1,1
468,3,896,201,50,58,1,1,1
469,3,900,200,50,60,1,1,1
470,3,904,199,50,61,1,1,1
471,3,908,199,51,62,1,1,1
472,3,912,190,51,63,1,1,1
473,3,916,181,52,64,1,1,1
474,3,920,172,52,65,1,1,1
475,3,925,164,52,66,1,1,1
476,3,924,153,52,66,1,1,1
477,3,924,142,52,67,1,1,1
478,3,923,132,52,67,1,1,1
479,3,923,121,52,67,1,1,1
480,3,922,111,53,67,1,1,1
481,3,922,100,52,68,1,1,1
482,3,921,89,53,68,1,1,1
483,3,921,79,52,68,1,1,1
484,3,920,68,53,69,1,1,1
485,3,920,58,53,69,1,1,1
486,3,917,60,53,69,1,1,1
487,3,915,62,53,69,1,1,1
488,3,912,64,53,69,1,1,1
489,3,910,66,53,69,1,1,1
490,3,907,68,53,69,1,1,1
491,3,905,70,53,69,1,1,1
492,3,902,72,53,69,1,1,1
493,3,900,74,53,69,1,1,1
494,3,897,76,53,69,1,1,1
495,3,895,78,53,69,1,1,1
496,3,893,84,53,69,1,1,1
497,3,892,90,53,69,1,1,1
498,3,891,96,53,69,1,1,1
499,3,889,102,53,69,1,1,1
500,3,888,108,53,69,1,1,1
501,3,887,114,53,69,1,1,1
502,3,886,121,53,68,1,1,1
503,3,885,124,53,68,1,1,1
504,3,884,127,53,69,1,1,1
505,3,883,131,53,69,1,1,1
506,3,884,132,53,69,1,1,1
507,3,885,133,53,69,1,1,1
508,3,886,134,53,69,1,1,1
509,3,887,135,53,69,1,1,1
510,3,888,136,53,69,1,1,1
511,3,889,137,53,69,1,1,1
512,3,890,138,53,69,1,1,1
513,3,891,134,53,69,1,1,1
514,3,892,130,53,69,1,1,1
515,3,893,126,53,69,1,1,1
516,3,894,122,53,69,1,1,1
517,3,894,122,53,69,1,1,1
566,3,549,388,20,26,1,1,1
567,3,550,387,20,26,1,1,1
568,3,551,386,20,26,1,1,1
569,3,552,385,20,26,1,1,1
570,3,553,384,20,27,1,1,1
571,3,555,384,20,26,1,1,1
572,3,556,383,20,26,1,1,1
573,3,557,382,20,27,1,1,1
574,3,558,381,20,27,1,1,1
575,3,559,380,20,27,1,1,1
576,3,561,380,20,27,1,1,1
577,3,560,380,20,26,1,1,1
578,3,560,380,20,26,1,1,1
579,3,560,380,20,26,1,1,1
580,3,560,380,20,26,1,1,1
581,3,560,380,20,26,1,1,1
582,3,559,380,20,26,1,1,1
583,3,559,380,20,26,1,1,1
584,3,559,380,20,26,1,1,1
585,3,559,380,20,26,1,1,1
586,3,559,380,20,26,1,1,1
587,3,557,379,20,26,1,1,1
588,3,555,379,20,26,1,1,1
589,3,553,379,20,26,1,1,1
590,3,551,379,20,26,1,1,1
591,3,549,379,20,26,1,1,1
592,3,547,380,20,27,1,1,1
593,3,545,382,20,27,1,1,1
594,3,543,384,20,27,1,1,1
595,3,541,386,20,27,1,1,1
596,3,540,388,20,27,1,1,1
597,3,540,386,20,27,1,1,1
598,3,540,385,20,26,1,1,1
599,3,540,383,20,27,1,1,1
600,3,540,382,20,26,1,1,1
601,3,540,380,20,27,1,1,1
602,3,540,379,20,26,1,1,1
603,3,540,377,20,26,1,1,1
604,3,540,376,20,26,1,1,1
605,3,540,374,20,26,1,1,1
606,3,540,373,20,26,1,1,1
607,3,539,371,21,26,1,1,1
608,3,539,370,21,26,1,1,1
609,3,539,368,21,26,1,1,1
610,3,539,367,21,26,1,1,1
611,3,539,365,21,26,1,1,1
612,3,539,364,21,26,1,1,1
613,3,539,364,21,26,1,1,1
614,3,539,364,21,26,1,1,1
615,3,539,364,21,26,1,1,1
616,3,540,364,20,27,1,1,1
617,3,538,364,20,27,1,1,1
618,3,537,364,20,27,1,1,1
619,3,535,364,20,27,1,1,1
620,3,534,364,20,27,1,1,1
621,3,532,365,20,27,1,1,1
622,3,531,365,20,27,1,1,1
623,3,529,365,20,27,1,1,1
624,3,528,365,20,27,1,1,1
625,3,526,365,20,27,1,1,1
626,3,525,366,20,27,1,1,1
627,3,524,363,20,27,1,1,1
628,3,524,361,20,26,1,1,1
629,3,523,358,21,27,1,1,1
630,3,523,356,21,26,1,1,1
631,3,523,353,20,26,1,1,1
632,3,522,351,21,26,1,1,1
633,3,522,348,21,26,1,1,1
634,3,522,346,21,26,1,1,1
635,3,521,345,21,26,1,1,1
636,3,521,344,20,27,1,1,1
637,3,520,344,21,26,1,1,1
638,3,520,343,20,27,1,1,1
639,3,519,343,21,26,1,1,1
640,3,519,342,20,27,1,1,1
641,3,518,341,20,27,1,1,1
642,3,518,341,20,27,1,1,1
643,3,517,340,20,27,1,1,1
644,3,517,340,20,27,1,1,1
645,3,516,339,20,27,1,1,1
646,3,516,339,20,27,1,1,1
647,3,516,339,20,27,1,1,1
648,3,516,340,20,27,1,1,1
649,3,516,340,20,27,1,1,1
650,3,516,340,20,27,1,1,1
651,3,539,138,141,184,1,1,1
652,3,538,151,141,184,1,1,1
653,3,537,165,141,183,1,1,1
654,3,536,178,142,184,1,1,1
655,3,535,192,142,183,1,1,1
656,3,535,206,142,183,1,1,1
657,3,537,195,142,183,1,1,1
658,3,540,184,142,184,1,1,1
659,3,543,174,141,183,1,1,1
660,3,546,163,141,184,1,1,1
661,3,549,153,141,184,1,1,1
662,3,557,140,141,184,1,1,1
663,3,565,127,142,185,1,1,1
664,3,573,114,143,186,1,1,1
665,3,581,102,144,186,1,1,1
666,3,582,99,144,187,1,1,1
667,3,583,97,145,187,1,1,1
668,3,584,95,146,188,1,1,1
669,3,585,93,146,188,1,1,1
670,3,586,91,147,188,1,1,1
671,3,587,89,148,189,1,1,1
672,3,578,94,151,191,1,1,1
673,3,570,99,153,194,1,1,1
674,3,562,104,156,197,1,1,1
675,3,554,109,158,200,1,1,1
676,3,546,114,160,203,1,1,1
677,3,538,119,163,206,1,1,1
678,3,530,124,165,209,1,1,1
679,3,530,124,165,209,1,1,1
680,3,606,252,35,46,1,1,1
681,3,606,252,35,45,1,1,1
682,3,607,252,35,45,1,1,1
683,3,608,252,35,45,1,1,1
684,3,609,252,35,45,1,1,1
685,3,610,252,34,45,1,1,1
686,3,611,252,34,45,1,1,1
687,3,611,252,35,45,1,1,1
688,3,612,252,35,45,1,1,1
689,3,613,252,34,45,1,1,1
690,3,614,252,34,45,1,1,1
691,3,615,252,34,45,1,1,1
692,3,616,252,34,45,1,1,1
693,3,617,251,34,46,1,1,1
694,3,618,251,34,46,1,1,1
695,3,619,251,34,46,1,1,1
696,3,621,251,34,46,1,1,1
697,3,621,250,34,46,1,1,1
698,3,621,250,34,46,1,1,1
699,3,621,249,34,46,1,1,1
700,3,622,249,34,46,1,1,1
701,3,620,249,34,46,1,1,1
702,3,618,249,34,46,1,1,1
703,3,616,249,34,46,1,1,1
704,3,615,249,34,46,1,1,1
705,3,613,249,34,46,1,1,1
706,3,611,249,34,46,1,1,1
707,3,610,249,34,46,1,1,1
708,3,608,249,34,46,1,1,1
709,3,606,249,34,46,1,1,1
710,3,605,250,34,46,1,1,1
711,3,606,249,34,46,1,1,1
712,3,607,249,34,46,1,1,1
713,3,608,249,34,46,1,1,1
714,3,609,249,34,45,1,1,1
715,3,611,249,34,45,1,1,1
716,3,612,248,34,46,1,1,1
717,3,613,248,34,45,1,1,1
718,3,614,248,34,45,1,1,1
719,3,615,248,34,45,1,1,1
720,3,617,248,34,45,1,1,1
721,3,617,246,34,45,1,1,1
722,3,618,244,34,45,1,1,1
723,3,619,242,34,46,1,1,1
724,3,620,241,34,45,1,1,1
725,3,621,239,34,46,1,1,1
726,3,621,237,34,46,1,1,1
727,3,622,236,34,45,1,1,1
728,3,623,234,34,46,1,1,1
729,3,624,232,34,46,1,1,1
730,3,625,231,34,46,1,1,1
731,3,625,230,34,46,1,1,1
732,3,625,229,34,46,1,1,1
733,3,625,228,34,46,1,1,1
734,3,625,227,34,46,1,1,1
735,3,625,226,34,46,1,1,1
736,3,626,225,34,46,1,1,1
737,3,626,224,34,46,1,1,1
738,3,626,223,34,46,1,1,1
739,3,626,222,34,46,1,1,1
740,3,626,221,34,46,1,1,1
741,3,626,221,34,46,1,1,1
813,3,629,367,12,17,1,1,1
814,3,629,367,12,17,1,1,1
815,3,629,367,12,17,1,1,1
816,3,629,367,12,17,1,1,1
817,3,630,367,12,17,1,1,1
818,3,630,367,12,17,1,1,1
819,3,630,367,12,17,1,1,1
820,3,631,367,12,17,1,1,1
821,3,631,367,12,17,1,1,1
822,3,631,367,12,17,1,1,1
823,3,632,368,12,17,1,1,1
824,3,632,367,12,17,1,1,1
825,3,633,367,12,17,1,1,1
826,3,633,367,13,17,1,1,1
827,3,634,367,12,17,1,1,1
828,3,634,367,13,17,1,1,1
829,3,635,367,13,16,1,1,1
830,3,635,367,13,16,1,1,1
831,3,636,367,13,16,1,1,1
832,3,636,367,14,16,1,1,1
833,3,637,367,14,16,1,1,1
834,3,636,365,14,17,1,1,1
835,3,636,364,14,17,1,1,1
836,3,635,363,15,17,1,1,1
837,3,635,361,15,19,1,1,1
838,3,635,360,15,19,1,1,1
839,3,634,359,15,19,1,1,1
840,3,634,357,15,21,1,1,1
841,3,633,356,16,21,1,1,1
842,3,633,355,16,21,1,1,1
843,3,633,354,16,22,1,1,1
844,3,632,352,17,23,1,1,1
845,3,632,351,17,23,1,1,1
846,3,632,350,17,23,1,1,1
847,3,632,348,18,24,1,1,1
848,3,632,347,18,25,1,1,1
849,3,631,346,19,25,1,1,1
850,3,631,344,20,26,1,1,1
851,3,631,343,20,26,1,1,1
852,3,631,342,20,26,1,1,1
853,3,631,341,21,27,1,1,1
854,3,628,340,22,28,1,1,1
855,3,626,340,22,29,1,1,1
856,3,623,339,23,30,1,1,1
857,3,621,339,24,31,1,1,1
858,3,617,338,25,32,1,1,1
859,3,614,337,25,33,1,1,1
860,3,611,337,26,34,1,1,1
861,3,608,336,26,35,1,1,1
862,3,605,335,26,36,1,1,1
863,3,602,335,27,37,1,1,1
864,3,592,328,29,40,1,1,1
865,3,583,322,30,42,1,1,1
866,3,573,315,33,46,1,1,1
867,3,564,309,34,48,1,1,1
868,3,554,302,36,51,1,1,1
869,3,545,296,38,54,1,1,1
870,3,528,286,40,58,1,1,1
871,3,511,277,43,61,1,1,1
872,3,495,268,45,64,1,1,1
873,3,478,259,47,67,1,1,1
874,3,461,250,50,70,1,1,1
875,3,445,241,52,73,1,1,1
876,3,427,234,55,77,1,1,1
877,3,409,227,58,81,1,1,1
878,3,391,220,61,85,1,1,1
879,3,373,214,65,88,1,1,1
880,3,366,211,68,91,1,1,1
881,3,360,208,71,95,1,1,1
882,3,354,205,74,99,1,1,1
883,3,348,202,77,103,1,1,1
884,3,353,204,77,101,1,1,1
885,3,359,206,76,100,1,1,1
886,3,365,208,76,98,1,1,1
887,3,371,210,75,97,1,1,1
888,3,377,212,75,96,1,1,1
889,3,387,216,75,94,1,1,1
890,3,398,220,74,92,1,1,1
891,3,409,224,73,91,1,1,1
892,3,420,228,72,89,1,1,1
893,3,431,232,72,88,1,1,1
894,3,442,234,70,86,1,1,1
895,3,453,236,68,85,1,1,1
896,3,465,239,66,83,1,1,1
897,3,475,242,64,81,1,1,1
898,3,486,245,62,79,1,1,1
899,3,496,248,60,77,1,1,1
900,3,507,251,58,76,1,1,1
901,3,512,253,56,74,1,1,1
902,3,518,255,53,73,1,1,1
921,3,590,313,26,33,1,1,1
922,3,591,312,26,33,1,1,1
923,3,593,311,26,33,1,1,1
924,3,595,310,25,33,1,1,1
925,3,596,309,26,33,1,1,1
926,3,598,309,25,32,1,1,1
927,3,600,308,25,32,1,1,1
928,3,601,307,25,32,1,1,1
929,3,603,306,25,32,1,1,1
930,3,605,306,25,31,1,1,1
931,3,607,306,24,31,1,1,1
932,3,609,306,24,31,1,1,1
933,3,609,306,24,31,1,1,1
979,3,435,281,164,195,1,1,1
980,3,439,294,146,187,1,1,1
981,3,444,283,146,182,1,1,1
982,3,451,267,146,186,1,1,1
983,3,468,182,165,218,1,1,1
984,3,474,155,165,216,1,1,1
985,3,480,128,165,215,1,1,1
986,3,486,101,165,214,1,1,1
987,3,491,85,165,213,1,1,1
988,3,496,69,165,212,1,1,1
989,3,502,54,164,210,1,1,1
990,3,505,63,165,209,1,1,1
991,3,509,72,165,209,1,1,1
992,3,513,81,166,209,1,1,1
993,3,516,90,167,209,1,1,1
994,3,520,99,167,209,1,1,1
995,3,524,108,168,209,1,1,1
996,3,530,102,169,209,1,1,1
997,3,537,96,169,209,1,1,1
998,3,543,90,170,209,1,1,1
999,3,550,85,170,208,1,1,1
1000,3,555,87,173,210,1,1,1
1001,3,560,89,176,213,1,1,1
1002,3,566,92,179,215,1,1,1
1003,3,571,108,181,218,1,1,1
1004,3,576,125,184,220,1,1,1
1005,3,582,142,186,222,1,1,1
1006,3,587,159,189,224,1,1,1
1007,3,587,159,189,224,1,1,1
1008,3,564,412,16,20,1,1,1
1009,3,563,411,16,20,1,1,1
1010,3,562,410,16,20,1,1,1
1011,3,561,409,16,20,1,1,1
1012,3,560,408,16,20,1,1,1
1013,3,559,407,16,20,1,1,1
1014,3,559,406,16,20,1,1,1
1015,3,557,404,16,19,1,1,1
1016,3,555,402,16,19,1,1,1
1017,3,553,400,16,19,1,1,1
1018,3,552,398,15,19,1,1,1
1019,3,550,397,15,19,1,1,1
1020,3,549,396,15,19,1,1,1
1021,3,547,395,16,19,1,1,1
1022,3,546,394,16,20,1,1,1
1023,3,544,392,16,21,1,1,1
1024,3,543,391,16,21,1,1,1
1025,3,542,390,16,21,1,1,1
1026,3,540,389,16,21,1,1,1
1027,3,539,388,16,21,1,1,1
1028,3,538,387,16,22,1,1,1
1029,3,537,383,16,23,1,1,1
1030,3,537,380,16,23,1,1,1
1031,3,536,377,17,23,1,1,1
1032,3,536,374,16,24,1,1,1
1033,3,535,371,17,24,1,1,1
1034,3,535,368,17,24,1,1,1
1035,3,534,365,17,25,1,1,1
1036,3,534,362,17,25,1,1,1
1037,3,533,359,18,25,1,1,1
1038,3,533,356,18,26,1,1,1
1039,3,534,352,18,26,1,1,1
1040,3,535,348,19,27,1,1,1
1041,3,536,344,20,27,1,1,1
1042,3,537,340,21,28,1,1,1
1043,3,539,337,21,28,1,1,1
1044,3,540,333,21,28,1,1,1
1045,3,541,329,22,29,1,1,1
1046,3,542,325,23,29,1,1,1
1047,3,543,321,24,30,1,1,1
1048,3,545,318,24,30,1,1,1
1049,3,546,315,24,30,1,1,1
1050,3,547,313,24,30,1,1,1
1051,3,549,311,24,30,1,1,1
1052,3,550,308,24,30,1,1,1
1053,3,552,306,24,30,1,1,1
1054,3,553,304,24,30,1,1,1
1055,3,554,301,24,30,1,1,1
1056,3,556,299,24,30,1,1,1
1057,3,557,297,24,30,1,1,1
1058,3,559,295,24,30,1,1,1
1059,3,560,292,24,30,1,1,1
1060,3,561,289,25,31,1,1,1
1061,3,562,286,25,32,1,1,1
1062,3,563,283,26,32,1,1,1
1063,3,564,280,26,33,1,1,1
1064,3,565,277,27,34,1,1,1
1065,3,565,277,27,34,1,1,1
1066,3,496,183,161,205,1,1,1
1067,3,491,182,161,205,1,1,1
1068,3,487,182,161,205,1,1,1
1069,3,483,182,161,205,1,1,1
1070,3,478,181,161,206,1,1,1
1071,3,474,181,161,206,1,1,1
1072,3,470,181,161,205,1,1,1
1073,3,465,180,161,206,1,1,1
1074,3,461,180,161,206,1,1,1
1075,3,457,180,161,206,1,1,1
1076,3,453,180,161,206,1,1,1
1077,3,453,182,158,201,1,1,1
1078,3,453,185,155,196,1,1,1
1079,3,453,188,153,190,1,1,1
1080,3,453,191,150,185,1,1,1
1081,3,453,194,148,180,1,1,1
1082,3,453,197,145,174,1,1,1
1083,3,453,200,142,169,1,1,1
1084,3,453,203,140,163,1,1,1
1085,3,453,206,137,158,1,1,1
1086,3,453,209,135,153,1,1,1
1087,3,453,211,131,148,1,1,1
1088,3,454,213,127,144,1,1,1
1089,3,454,216,124,139,1,1,1
1090,3,455,218,120,134,1,1,1
1091,3,455,221,117,129,1,1,1
1092,3,456,223,113,125,1,1,1
1093,3,456,225,110,120,1,1,1
1094,3,457,228,106,115,1,1,1
1095,3,457,230,103,111,1,1,1
1096,3,458,233,99,106,1,1,1
1097,3,461,235,97,104,1,1,1
1098,3,465,237,94,102,1,1,1
1099,3,469,239,91,100,1,1,1
1100,3,472,242,89,97,1,1,1
1101,3,476,244,86,95,1,1,1
1102,3,480,246,83,93,1,1,1
1103,3,483,249,81,90,1,1,1
1104,3,487,251,78,88,1,1,1
1105,3,491,253,75,86,1,1,1
1106,3,495,256,72,84,1,1,1
1107,3,496,260,71,82,1,1,1
1108,3,498,265,69,80,1,1,1
1109,3,500,270,67,78,1,1,1
1110,3,502,275,65,76,1,1,1
1111,3,504,280,64,74,1,1,1
1112,3,505,284,63,73,1,1,1
1113,3,507,289,61,71,1,1,1
1114,3,509,294,59,69,1,1,1
1115,3,511,299,57,67,1,1,1
1116,3,513,304,56,65,1,1,1
1117,3,514,311,55,64,1,1,1
1118,3,516,319,54,63,1,1,1
1119,3,517,327,54,61,1,1,1
1120,3,519,335,53,60,1,1,1
1121,3,519,340,52,59,1,1,1
1122,3,519,345,51,58,1,1,1
1123,3,519,351,50,57,1,1,1
1124,3,519,349,49,56,1,1,1
1125,3,520,348,47,55,1,1,1
1126,3,521,347,46,54,1,1,1
1127,3,522,347,45,53,1,1,1
1128,3,524,348,43,51,1,1,1
1129,3,525,349,43,49,1,1,1
1130,3,527,349,41,48,1,1,1
1131,3,528,350,40,46,1,1,1
1132,3,530,351,39,45,1,1,1
1133,3,531,354,38,43,1,1,1
1134,3,533,357,36,42,1,1,1
1135,3,534,360,35,40,1,1,1
1136,3,536,363,33,39,1,1,1
1137,3,536,361,33,39,1,1,1
1138,3,537,360,33,39,1,1,1
1139,3,537,359,33,39,1,1,1
1140,3,538,358,33,39,1,1,1
1141,3,538,357,33,39,1,1,1
1142,3,539,355,33,39,1,1,1
1143,3,539,354,33,39,1,1,1
1144,3,540,353,33,39,1,1,1
1145,3,540,352,33,39,1,1,1
1146,3,541,351,33,39,1,1,1
1147,3,542,351,32,39,1,1,1
1148,3,543,351,32,39,1,1,1
1149,3,544,352,31,38,1,1,1
1150,3,545,352,31,38,1,1,1
1151,3,546,353,30,38,1,1,1
1152,3,547,353,30,38,1,1,1
1153,3,548,353,29,38,1,1,1
1154,3,549,354,29,37,1,1,1
1155,3,550,354,28,37,1,1,1
1156,3,551,355,28,37,1,1,1
1157,3,551,354,27,37,1,1,1
1158,3,551,354,27,36,1,1,1
1159,3,551,354,27,35,1,1,1
1160,3,551,354,26,34,1,1,1
1161,3,551,354,26,33,1,1,1
1162,3,551,353,26,33,1,1,1
1163,3,551,353,25,32,1,1,1
1164,3,551,353,25,31,1,1,1
1165,3,551,353,25,30,1,1,1
1166,3,552,353,24,30,1,1,1
1167,3,550,353,25,30,1,1,1
1168,3,549,353,25,31,1,1,1
1169,3,548,354,25,30,1,1,1
1170,3,547,354,25,31,1,1,1
1171,3,546,355,25,30,1,1,1
1172,3,545,355,25,31,1,1,1
1173,3,544,355,25,31,1,1,1
1174,3,543,356,25,31,1,1,1
1175,3,542,356,25,31,1,1,1
1176,3,541,357,25,31,1,1,1
1177,3,539,356,25,31,1,1,1
1178,3,537,355,25,31,1,1,1
1179,3,535,354,25,31,1,1,1
1180,3,535,354,25,31,1,1,1
1181,3,505,99,157,189,1,1,1
1182,3,498,100,156,189,1,1,1
1183,3,491,102,156,188,1,1,1
1184,3,484,104,156,188,1,1,1
1185,3,477,106,156,187,1,1,1
1186,3,470,108,156,187,1,1,1
1187,3,463,109,156,187,1,1,1
1188,3,456,111,156,186,1,1,1
1189,3,449,113,156,186,1,1,1
1190,3,442,115,156,185,1,1,1
1191,3,435,117,156,185,1,1,1
1192,3,433,125,156,185,1,1,1
1193,3,432,134,156,185,1,1,1
1194,3,431,143,156,185,1,1,1
1195,3,429,152,156,185,1,1,1
1196,3,428,161,156,185,1,1,1
1197,3,427,170,156,185,1,1,1
1198,3,439,180,156,185,1,1,1
1199,3,451,191,156,185,1,1,1
1200,3,463,201,156,185,1,1,1
1201,3,476,212,156,185,1,1,1
1202,3,494,209,156,185,1,1,1
1203,3,512,207,156,185,1,1,1
1204,3,530,205,156,185,1,1,1
1205,3,548,203,156,185,1,1,1
1206,3,567,201,156,185,1,1,1
1207,3,585,198,156,185,1,1,1
1208,3,603,196,156,185,1,1,1
1209,3,621,194,156,185,1,1,1
1210,3,639,192,156,185,1,1,1
1211,3,658,190,156,185,1,1,1
1212,3,665,187,156,185,1,1,1
1213,3,673,185,156,185,1,1,1
1214,3,681,183,156,185,1,1,1
1215,3,689,181,156,185,1,1,1
1216,3,697,179,156,185,1,1,1
1217,3,705,177,156,185,1,1,1
1218,3,699,165,156,185,1,1,1
1219,3,694,154,156,185,1,1,1
1220,3,688,142,156,185,1,1,1
1221,3,683,131,156,185,1,1,1
1222,3,671,121,156,185,1,1,1
1223,3,659,112,156,185,1,1,1
1224,3,647,103,156,185,1,1,1
1225,3,635,106,156,185,1,1,1
1226,3,623,110,156,185,1,1,1
1227,3,611,114,156,185,1,1,1
1228,3,599,117,156,185,1,1,1
1229,3,587,121,156,185,1,1,1
1230,3,575,125,156,185,1,1,1
1231,3,564,129,156,185,1,1,1
1232,3,562,119,156,185,1,1,1
1233,3,560,109,156,185,1,1,1
1234,3,558,99,156,185,1,1,1
1235,3,562,104,156,185,1,1,1
1236,3,566,109,156,185,1,1,1
1237,3,570,114,156,185,1,1,1
1238,3,574,119,156,185,1,1,1
1239,3,574,119,156,185,1,1,1
1300,3,271,213,123,161,1,1,1
1301,3,266,223,123,161,1,1,1
1302,3,262,234,123,161,1,1,1
1303,3,258,245,123,161,1,1,1
1304,3,254,256,123,161,1,1,1
1305,3,250,267,123,161,1,1,1
1306,3,246,278,123,161,1,1,1
1307,3,242,289,123,161,1,1,1
1308,3,238,300,123,161,1,1,1
1309,3,234,311,123,161,1,1,1
1310,3,230,322,123,161,1,1,1
1311,3,232,320,123,161,1,1,1
1312,3,234,319,123,161,1,1,1
1313,3,237,318,123,161,1,1,1
1314,3,239,316,123,161,1,1,1
1315,3,242,315,123,161,1,1,1
1316,3,244,314,123,161,1,1,1
1317,3,246,312,123,161,1,1,1
1318,3,249,311,123,161,1,1,1
1319,3,251,310,123,161,1,1,1
1320,3,254,309,123,161,1,1,1
1321,3,258,302,122,159,1,1,1
1322,3,262,296,121,156,1,1,1
1323,3,266,289,120,154,1,1,1
1324,3,270,283,120,151,1,1,1
1325,3,274,276,119,149,1,1,1
1326,3,278,270,118,146,1,1,1
1327,3,282,263,118,144,1,1,1
1328,3,286,257,117,141,1,1,1
1329,3,290,250,116,139,1,1,1
1330,3,294,244,116,137,1,1,1
1331,3,301,242,114,135,1,1,1
1332,3,309,241,111,132,1,1,1
1333,3,316,240,109,129,1,1,1
1334,3,324,239,107,126,1,1,1
1335,3,332,238,104,123,1,1,1
1336,3,339,237,102,120,1,1,1
1337,3,347,236,100,117,1,1,1
1338,3,354,235,98,114,1,1,1
1339,3,362,234,95,111,1,1,1
1340,3,370,233,93,109,1,1,1
1341,3,377,229,93,109,1,1,1
1342,3,384,226,93,109,1,1,1
1343,3,391,223,93,109,1,1,1
1344,3,398,219,93,109,1,1,1
1345,3,406,216,93,109,1,1,1
1346,3,413,213,93,109,1,1,1
1347,3,420,209,93,109,1,1,1
1348,3,427,206,93,109,1,1,1
1349,3,434,203,93,109,1,1,1
1350,3,442,200,93,109,1,1,1
1351,3,447,196,91,106,1,1,1
1352,3,453,192,88,104,1,1,1
1353,3,458,188,86,101,1,1,1
1354,3,464,184,83,99,1,1,1
1355,3,469,180,81,96,1,1,1
1356,3,475,177,79,93,1,1,1
1357,3,480,179,77,90,1,1,1
1358,3,485,181,75,88,1,1,1
1359,3,490,183,73,85,1,1,1
1360,3,496,186,70,82,1,1,1
1361,3,501,188,68,79,1,1,1
1362,3,506,190,66,77,1,1,1
1363,3,511,192,64,74,1,1,1
1364,3,517,195,61,71,1,1,1
1365,3,519,196,60,69,1,1,1
1366,3,521,197,59,68,1,1,1
1367,3,523,198,58,67,1,1,1
1368,3,525,200,57,65,1,1,1
1369,3,527,201,56,64,1,1,1
1370,3,529,202,56,63,1,1,1
1371,3,531,203,55,62,1,1,1
1372,3,533,205,54,60,1,1,1
1373,3,535,206,53,59,1,1,1
1374,3,537,207,52,58,1,1,1
1375,3,539,208,51,57,1,1,1
1376,3,541,210,51,55,1,1,1
1377,3,540,208,51,55,1,1,1
1378,3,539,207,51,55,1,1,1
1379,3,538,206,51,55,1,1,1
1380,3,537,204,51,56,1,1,1
1381,3,536,203,51,56,1,1,1
1382,3,535,202,51,56,1,1,1
1383,3,534,200,51,57,1,1,1
1384,3,533,199,51,57,1,1,1
1385,3,532,198,51,57,1,1,1
1386,3,532,197,50,57,1,1,1
1387,3,532,197,50,57,1,1,1
1388,3,532,197,50,57,1,1,1
1389,3,532,197,50,57,1,1,1
1390,3,532,198,50,57,1,1,1
1391,3,532,198,50,57,1,1,1
1392,3,532,198,50,57,1,1,1
1393,3,532,199,50,57,1,1,1
1394,3,532,199,50,57,1,1,1
1395,3,532,199,50,57,1,1,1
1396,3,532,200,50,57,1,1,1
1397,3,533,201,50,57,1,1,1
1398,3,535,202,50,57,1,1,1
1399,3,537,203,50,57,1,1,1
1400,3,539,205,50,57,1,1,1
1401,3,541,206,50,57,1,1,1
1402,3,542,207,50,57,1,1,1
1403,3,544,209,50,57,1,1,1
1404,3,546,210,50,57,1,1,1
1405,3,548,211,50,57,1,1,1
1406,3,550,213,50,57,1,1,1
1407,3,550,211,50,57,1,1,1
1408,3,551,209,50,57,1,1,1
1409,3,552,207,50,57,1,1,1
1410,3,552,205,50,57,1,1,1
1411,3,553,203,50,57,1,1,1
1412,3,554,201,50,57,1,1,1
1413,3,554,199,50,57,1,1,1
1414,3,555,197,50,57,1,1,1
1415,3,555,197,50,57,1,1,1
1416,3,276,184,61,71,1,1,1
1417,3,271,185,61,71,1,1,1
1418,3,266,186,61,71,1,1,1
1419,3,261,187,61,71,1,1,1
1420,3,257,188,61,71,1,1,1
1421,3,252,189,61,71,1,1,1
1422,3,247,190,61,71,1,1,1
1423,3,243,191,61,71,1,1,1
1424,3,238,192,61,71,1,1,1
1425,3,233,193,61,71,1,1,1
1426,3,229,195,61,71,1,1,1
1427,3,219,197,61,71,1,1,1
1428,3,209,199,61,71,1,1,1
1429,3,199,201,61,71,1,1,1
1430,3,190,203,61,71,1,1,1
1431,3,187,205,61,71,1,1,1
1432,3,184,208,61,71,1,1,1
1433,3,181,211,61,71,1,1,1
1434,3,178,213,61,71,1,1,1
1435,3,175,216,61,71,1,1,1
1436,3,173,219,61,71,1,1,1
1437,3,176,221,61,71,1,1,1
1438,3,180,223,61,71,1,1,1
1439,3,184,225,61,71,1,1,1
1440,3,188,228,61,71,1,1,1
1441,3,196,230,61,71,1,1,1
1442,3,204,233,61,71,1,1,1
1443,3,213,236,61,71,1,1,1
1444,3,221,238,61,71,1,1,1
1445,3,229,241,61,71,1,1,1
1446,3,238,244,61,71,1,1,1
1447,3,248,244,60,70,1,1,1
1448,3,258,245,59,69,1,1,1
1449,3,268,246,58,68,1,1,1
1450,3,278,246,58,68,1,1,1
1451,3,288,247,57,67,1,1,1
1452,3,298,248,56,66,1,1,1
1453,3,308,248,56,66,1,1,1
1454,3,318,249,55,65,1,1,1
1455,3,328,250,54,64,1,1,1
1456,3,339,251,53,63,1,1,1
1457,3,353,249,52,62,1,1,1
1458,3,368,247,51,61,1,1,1
1459,3,383,245,50,60,1,1,1
1460,3,397,245,50,59,1,1,1
1461,3,412,246,49,58,1,1,1
1462,3,427,246,48,58,1,1,1
1463,3,442,247,47,56,1,1,1
1464,3,457,247,46,56,1,1,1
1465,3,472,248,45,55,1,1,1
1466,3,487,249,44,54,1,1,1
1467,3,499,252,42,52,1,1,1
1468,3,511,255,41,51,1,1,1
1469,3,523,258,40,50,1,1,1
1470,3,530,262,39,49,1,1,1
1471,3,538,266,37,48,1,1,1
1472,3,546,271,36,46,1,1,1
1473,3,553,275,35,45,1,1,1
1474,3,561,280,34,43,1,1,1
1475,3,569,284,32,42,1,1,1
1476,3,577,289,31,40,1,1,1
1477,3,578,290,31,39,1,1,1
1478,3,580,292,30,38,1,1,1
1479,3,582,293,29,37,1,1,1
1480,3,583,295,29,36,1,1,1
1481,3,585,296,28,35,1,1,1
1482,3,587,298,27,34,1,1,1
1483,3,586,299,27,34,1,1,1
1484,3,586,301,27,34,1,1,1
1485,3,586,303,26,33,1,1,1
1486,3,585,305,27,33,1,1,1
1487,3,585,307,27,33,1,1,1
1488,3,585,308,26,33,1,1,1
1489,3,584,310,27,33,1,1,1
1490,3,584,312,26,32,1,1,1
1491,3,584,314,26,32,1,1,1
1492,3,584,316,26,32,1,1,1
1493,3,581,316,26,32,1,1,1
1494,3,579,316,25,32,1,1,1
1495,3,577,316,25,32,1,1,1
1496,3,574,317,25,31,1,1,1
1497,3,572,317,25,31,1,1,1
1498,3,570,317,24,31,1,1,1
1499,3,567,318,24,30,1,1,1
1500,3,565,318,24,30,1,1,1
1501,3,563,318,23,30,1,1,1
1502,3,561,319,23,29,1,1,1
1503,3,558,320,23,28,1,1,1
1504,3,555,321,23,28,1,1,1
1505,3,553,322,22,28,1,1,1
1506,3,550,323,22,27,1,1,1
1507,3,548,325,21,26,1,1,1
1508,3,545,326,21,26,1,1,1
1509,3,542,327,21,25,1,1,1
1510,3,540,328,20,25,1,1,1
1511,3,537,329,20,25,1,1,1
1512,3,535,331,19,24,1,1,1
1513,3,532,332,19,24,1,1,1
1514,3,530,334,18,23,1,1,1
1515,3,527,335,18,23,1,1,1
1516,3,525,337,18,23,1,1,1
1517,3,523,339,17,22,1,1,1
1518,3,520,340,17,22,1,1,1
1519,3,518,342,17,22,1,1,1
1520,3,515,343,17,22,1,1,1
1521,3,513,345,16,21,1,1,1
1522,3,511,347,16,21,1,1,1
1523,3,510,349,16,21,1,1,1
1524,3,509,351,16,21,1,1,1
1525,3,508,353,16,21,1,1,1
1526,3,507,355,16,21,1,1,1
1527,3,507,358,15,20,1,1,1
1528,3,506,360,15,20,1,1,1
1529,3,505,362,15,20,1,1,1
1530,3,504,364,15,20,1,1,1
1531,3,503,366,15,20,1,1,1
1532,3,503,369,15,20,1,1,1
1533,3,503,370,15,20,1,1,1
1534,3,503,372,15,20,1,1,1
1535,3,503,372,15,20,1,1,1
1667,3,4,191,48,65,1,1,1
1668,3,4,191,55,65,1,1,1
1669,3,15,193,54,63,1,1,1
1670,3,26,195,53,62,1,1,1
1671,3,37,197,52,61,1,1,1
1672,3,48,200,51,59,1,1,1
1673,3,59,202,50,58,1,1,1
1674,3,70,204,49,57,1,1,1
1675,3,81,207,48,55,1,1,1
1676,3,92,209,47,54,1,1,1
1677,3,103,211,46,53,1,1,1
1678,3,114,214,45,51,1,1,1
1679,3,121,218,45,51,1,1,1
1680,3,128,223,45,50,1,1,1
1681,3,136,227,44,50,1,1,1
1682,3,143,232,44,49,1,1,1
1683,3,150,236,44,49,1,1,1
1684,3,158,241,44,48,1,1,1
1685,3,161,242,44,47,1,1,1
1686,3,165,243,43,46,1,1,1
1687,3,168,244,43,45,1,1,1
1688,3,172,245,42,44,1,1,1
1689,3,173,243,41,44,1,1,1
1690,3,174,241,41,44,1,1,1
1691,3,175,239,41,44,1,1,1
1692,3,176,237,41,44,1,1,1
1693,3,177,235,41,44,1,1,1
1694,3,178,233,41,45,1,1,1
1695,3,179,232,41,45,1,1,1
1696,3,181,231,41,46,1,1,1
1697,3,182,230,41,46,1,1,1
1698,3,184,230,41,46,1,1,1
1699,3,186,231,41,46,1,1,1
1700,3,189,232,41,46,1,1,1
1701,3,192,233,41,46,1,1,1
1702,3,194,234,41,46,1,1,1
1703,3,197,235,41,46,1,1,1
1704,3,200,236,41,46,1,1,1
1705,3,204,235,41,46,1,1,1
1706,3,208,235,41,46,1,1,1
1707,3,212,235,41,46,1,1,1
1708,3,216,235,41,46,1,1,1
1709,3,220,235,41,46,1,1,1
1710,3,220,235,41,46,1,1,1
1757,3,528,396,21,25,1,1,1
1758,3,528,395,21,25,1,1,1
1759,3,529,395,21,25,1,1,1
1760,3,529,395,21,25,1,1,1
1761,3,530,395,21,25,1,1,1
1762,3,531,395,21,25,1,1,1
1763,3,531,394,21,25,1,1,1
1764,3,532,394,21,25,1,1,1
1765,3,532,394,21,25,1,1,1
1766,3,533,394,21,25,1,1,1
1767,3,534,394,21,25,1,1,1
1768,3,534,393,21,25,1,1,1
1769,3,535,393,21,25,1,1,1
1770,3,535,393,21,25,1,1,1
1771,3,536,393,21,25,1,1,1
1772,3,537,393,21,25,1,1,1
1773,3,537,392,21,25,1,1,1
1774,3,538,392,21,25,1,1,1
1775,3,538,392,21,25,1,1,1
1776,3,539,392,21,25,1,1,1
1777,3,540,392,21,25,1,1,1
1778,3,540,390,22,25,1,1,1
1779,3,541,389,22,25,1,1,1
1780,3,542,387,22,26,1,1,1
1781,3,543,386,22,26,1,1,1
1782,3,543,386,22,26,1,1,1
1783,3,543,386,22,26,1,1,1
1784,3,544,386,21,26,1,1,1
1785,3,544,386,21,26,1,1,1
1786,3,544,386,21,26,1,1,1
1787,3,545,387,21,25,1,1,1
1788,3,544,386,21,25,1,1,1
1789,3,544,386,21,25,1,1,1
1790,3,544,386,21,25,1,1,1
1791,3,544,386,21,25,1,1,1
1792,3,544,386,21,25,1,1,1
1793,3,543,385,21,25,1,1,1
1794,3,543,385,21,25,1,1,1
1795,3,543,385,21,25,1,1,1
1796,3,543,385,21,25,1,1,1
1797,3,543,385,21,25,1,1,1
1798,3,543,385,21,25,1,1,1
1799,3,544,385,21,25,1,1,1
1800,3,544,385,21,25,1,1,1
1801,3,545,385,21,25,1,1,1
1802,3,545,385,21,25,1,1,1
1803,3,546,385,21,25,1,1,1
1804,3,546,385,21,25,1,1,1
1805,3,547,385,21,25,1,1,1
1806,3,547,385,21,25,1,1,1
1807,3,548,386,21,25,1,1,1
1808,3,548,385,21,25,1,1,1
1809,3,549,385,21,25,1,1,1
1810,3,549,384,21,25,1,1,1
1811,3,550,384,21,25,1,1,1
1812,3,550,384,21,25,1,1,1
1813,3,551,383,21,25,1,1,1
1814,3,551,383,21,25,1,1,1
1815,3,552,382,21,25,1,1,1
1816,3,552,382,21,25,1,1,1
1817,3,553,382,21,25,1,1,1
1818,3,554,380,21,25,1,1,1
1819,3,556,378,21,25,1,1,1
1820,3,557,376,21,25,1,1,1
1821,3,559,374,21,25,1,1,1
1822,3,561,373,21,25,1,1,1
1823,3,562,371,21,25,1,1,1
1824,3,564,369,21,25,1,1,1
1825,3,565,367,21,25,1,1,1
1826,3,567,365,21,25,1,1,1
1827,3,569,364,21,25,1,1,1
1828,3,570,363,21,25,1,1,1
1829,3,571,363,21,25,1,1,1
1830,3,572,362,21,25,1,1,1
1831,3,573,362,21,25,1,1,1
1832,3,575,362,21,25,1,1,1
1833,3,576,361,21,25,1,1,1
1834,3,577,361,21,25,1,1,1
1835,3,578,360,21,25,1,1,1
1836,3,579,360,21,25,1,1,1
1837,3,581,360,21,25,1,1,1
1838,3,582,359,21,25,1,1,1
1839,3,583,359,21,25,1,1,1
1840,3,585,359,21,25,1,1,1
1841,3,585,357,21,25,1,1,1
1842,3,585,356,21,25,1,1,1
1843,3,586,355,21,25,1,1,1
1844,3,586,353,21,25,1,1,1
1845,3,587,352,21,25,1,1,1
1846,3,587,351,21,25,1,1,1
1847,3,588,350,21,25,1,1,1
1848,3,589,348,21,25,1,1,1
1849,3,590,347,21,25,1,1,1
1850,3,591,346,21,25,1,1,1
1851,3,593,344,21,25,1,1,1
1852,3,594,343,21,25,1,1,1
1853,3,595,342,21,25,1,1,1
1854,3,597,340,21,25,1,1,1
1855,3,598,339,21,25,1,1,1
1856,3,599,338,21,25,1,1,1
1857,3,599,338,21,25,1,1,1
1932,3,400,210,47,53,1,1,1
1933,3,398,209,47,53,1,1,1
1934,3,397,209,47,53,1,1,1
1935,3,395,209,47,53,1,1,1
1936,3,394,209,47,53,1,1,1
1937,3,393,209,47,53,1,1,1
1938,3,391,209,47,53,1,1,1
1939,3,390,209,47,53,1,1,1
1940,3,388,209,47,53,1,1,1
1941,3,387,209,47,53,1,1,1
1942,3,386,209,47,53,1,1,1
1943,3,386,208,47,53,1,1,1
1944,3,386,208,47,53,1,1,1
1945,3,386,207,47,53,1,1,1
1946,3,387,207,47,53,1,1,1
1947,3,387,207,47,53,1,1,1
1948,3,387,206,47,53,1,1,1
1949,3,388,206,47,53,1,1,1
1950,3,388,205,47,53,1,1,1
1951,3,388,205,47,53,1,1,1
1952,3,389,205,47,53,1,1,1
1953,3,391,203,47,53,1,1,1
1954,3,394,202,47,53,1,1,1
1955,3,396,201,47,53,1,1,1
1956,3,399,200,47,53,1,1,1
1957,3,401,199,47,53,1,1,1
1958,3,404,198,47,53,1,1,1
1959,3,406,197,47,53,1,1,1
1960,3,409,196,47,53,1,1,1
1961,3,411,195,47,53,1,1,1
1962,3,414,194,47,53,1,1,1
1963,3,416,194,47,53,1,1,1
1964,3,418,195,47,53,1,1,1
1965,3,420,195,47,53,1,1,1
1966,3,422,196,47,53,1,1,1
1967,3,424,197,47,53,1,1,1
1968,3,426,197,47,53,1,1,1
1969,3,428,198,47,53,1,1,1
1970,3,430,198,47,53,1,1,1
1971,3,432,199,47,53,1,1,1
1972,3,434,200,47,53,1,1,1
1973,3,433,201,46,52,1,1,1
1974,3,433,202,45,51,1,1,1
1975,3,432,203,45,51,1,1,1
1976,3,432,204,44,50,1,1,1
1977,3,431,205,44,50,1,1,1
1978,3,431,206,43,49,1,1,1
1979,3,431,206,43,49,1,1,1
2008,3,425,207,44,49,1,1,1
2009,3,425,206,44,49,1,1,1
2010,3,425,206,44,49,1,1,1
2011,3,426,206,44,49,1,1,1
2012,3,426,206,44,49,1,1,1
2013,3,427,206,44,49,1,1,1
2014,3,427,206,44,49,1,1,1
2015,3,427,206,44,49,1,1,1
2016,3,428,206,44,49,1,1,1
2017,3,428,206,44,49,1,1,1
2018,3,429,206,44,49,1,1,1
2019,3,429,206,44,49,1,1,1
2020,3,429,206,44,49,1,1,1
2021,3,429,206,44,49,1,1,1
2022,3,429,206,44,49,1,1,1
2023,3,430,206,44,49,1,1,1
2024,3,430,206,44,49,1,1,1
2025,3,430,206,44,49,1,1,1
2026,3,430,206,44,49,1,1,1
2027,3,430,206,44,49,1,1,1
2028,3,431,206,44,49,1,1,1
2029,3,430,206,44,49,1,1,1
2030,3,430,206,44,49,1,1,1
2031,3,430,206,44,49,1,1,1
2032,3,430,206,44,49,1,1,1
2033,3,430,206,44,49,1,1,1
2034,3,430,206,44,49,1,1,1
2035,3,430,206,44,49,1,1,1
2169,3,28,172,67,84,1,1,1
2170,3,71,175,65,81,1,1,1
2171,3,114,178,63,78,1,1,1
2172,3,157,181,62,76,1,1,1
2173,3,189,185,61,73,1,1,1
2174,3,222,189,59,70,1,1,1
2175,3,254,193,58,67,1,1,1
2176,3,287,198,56,63,1,1,1
2177,3,319,202,55,60,1,1,1
2178,3,352,206,53,57,1,1,1
2179,3,385,211,52,54,1,1,1
2180,3,403,214,52,53,1,1,1
2181,3,422,217,51,53,1,1,1
2182,3,441,221,50,51,1,1,1
2183,3,460,224,49,51,1,1,1
2184,3,479,228,48,49,1,1,1
2185,3,497,231,48,49,1,1,1
2186,3,516,234,47,48,1,1,1
2187,3,535,238,46,47,1,1,1
2188,3,554,241,45,46,1,1,1
2189,3,573,245,44,45,1,1,1
2190,3,586,248,42,44,1,1,1
2191,3,599,251,41,43,1,1,1
2192,3,612,254,40,43,1,1,1
2193,3,625,257,39,42,1,1,1
2194,3,639,260,37,42,1,1,1
2195,3,652,263,36,41,1,1,1
2196,3,665,266,35,41,1,1,1
2197,3,678,269,34,40,1,1,1
2198,3,678,269,34,40,1,1,1
2307,3,1212,179,69,88,1,1,1
2308,3,1203,180,67,86,1,1,1
2309,3,1194,182,65,83,1,1,1
2310,3,1185,183,63,81,1,1,1
2311,3,1176,185,61,78,1,1,1
2312,3,1163,187,59,75,1,1,1
2313,3,1151,189,57,73,1,1,1
2314,3,1139,192,54,70,1,1,1
2315,3,1126,194,53,68,1,1,1
2316,3,1114,196,50,66,1,1,1
2317,3,1102,199,48,63,1,1,1
2318,3,1087,207,46,60,1,1,1
2319,3,1072,215,45,58,1,1,1
2320,3,1058,224,43,54,1,1,1
2321,3,1043,232,42,52,1,1,1
2322,3,1029,241,40,49,1,1,1
2323,3,1016,247,38,46,1,1,1
2324,3,1004,253,36,43,1,1,1
2325,3,992,259,34,41,1,1,1
2326,3,980,265,32,38,1,1,1
2327,3,968,271,30,36,1,1,1
2328,3,958,276,29,34,1,1,1
2329,3,948,281,28,32,1,1,1
2330,3,938,286,27,31,1,1,1
2331,3,928,291,26,29,1,1,1
2332,3,928,291,26,29,1,1,1
2413,3,1193,44,88,136,1,1,1
2414,3,1176,36,103,144,1,1,1
2415,3,1158,42,100,139,1,1,1
2416,3,1140,48,98,135,1,1,1
2417,3,1122,54,96,131,1,1,1
2418,3,1104,60,94,126,1,1,1
2419,3,1086,66,92,122,1,1,1
2420,3,1068,72,90,118,1,1,1
2421,3,1050,78,88,113,1,1,1
2422,3,1032,84,86,109,1,1,1
2423,3,1014,90,84,105,1,1,1
2424,3,996,97,82,100,1,1,1
2425,3,985,105,79,96,1,1,1
2426,3,975,113,76,93,1,1,1
2427,3,964,121,74,90,1,1,1
2428,3,954,130,71,86,1,1,1
2429,3,943,138,69,83,1,1,1
2430,3,933,146,65,80,1,1,1
2431,3,922,155,63,76,1,1,1
2432,3,912,163,60,73,1,1,1
2433,3,901,171,58,70,1,1,1
2434,3,891,180,55,66,1,1,1
2435,3,882,187,53,64,1,1,1
2436,3,873,194,52,62,1,1,1
2437,3,864,202,50,59,1,1,1
2438,3,855,209,49,57,1,1,1
2439,3,846,216,47,55,1,1,1
2440,3,837,224,46,52,1,1,1
2441,3,828,231,44,50,1,1,1
2442,3,819,238,43,48,1,1,1
2443,3,810,246,41,45,1,1,1
2444,3,801,253,40,43,1,1,1
2445,3,792,261,39,40,1,1,1
2446,3,789,263,38,40,1,1,1
2447,3,786,266,37,39,1,1,1
2448,3,784,269,35,39,1,1,1
2449,3,781,271,34,39,1,1,1
2450,3,778,274,33,38,1,1,1
2451,3,778,274,33,38,1,1,1
2508,3,765,415,19,22,1,1,1
2509,3,764,413,19,22,1,1,1
2510,3,763,411,19,22,1,1,1
2511,3,762,409,19,22,1,1,1
2512,3,761,408,19,22,1,1,1
2513,3,760,406,19,22,1,1,1
2514,3,759,404,19,22,1,1,1
2515,3,758,403,19,22,1,1,1
2516,3,757,401,19,22,1,1,1
2517,3,756,399,19,22,1,1,1
2518,3,756,398,19,22,1,1,1
2519,3,755,396,19,22,1,1,1
2520,3,755,395,19,22,1,1,1
2521,3,755,393,19,22,1,1,1
2522,3,755,392,19,22,1,1,1
2523,3,755,391,19,22,1,1,1
2524,3,754,389,19,22,1,1,1
2525,3,754,388,19,22,1,1,1
2526,3,754,386,19,22,1,1,1
2527,3,754,385,19,22,1,1,1
2528,3,754,384,19,22,1,1,1
2529,3,754,383,19,22,1,1,1
2530,3,755,382,19,22,1,1,1
2531,3,755,381,20,22,1,1,1
2532,3,756,380,19,23,1,1,1
2533,3,757,379,19,23,1,1,1
2534,3,757,378,20,23,1,1,1
2535,3,758,377,19,24,1,1,1
2536,3,758,376,20,24,1,1,1
2537,3,759,375,20,24,1,1,1
2538,3,760,375,20,24,1,1,1
2539,3,761,374,20,24,1,1,1
2540,3,762,373,20,24,1,1,1
2541,3,763,372,20,24,1,1,1
2542,3,764,371,20,24,1,1,1
2543,3,765,370,20,24,1,1,1
2544,3,766,369,20,24,1,1,1
2545,3,767,368,20,24,1,1,1
2546,3,768,367,20,24,1,1,1
2547,3,769,366,20,24,1,1,1
2548,3,770,365,21,25,1,1,1
2549,3,770,362,21,25,1,1,1
2550,3,771,360,21,25,1,1,1
2551,3,772,357,21,25,1,1,1
2552,3,773,355,21,25,1,1,1
2553,3,774,355,21,25,1,1,1
2554,3,775,355,21,25,1,1,1
2555,3,776,355,21,25,1,1,1
2556,3,777,355,21,25,1,1,1
2557,3,778,355,21,25,1,1,1
2558,3,779,355,21,25,1,1,1
2559,3,781,354,21,25,1,1,1
2560,3,783,353,21,25,1,1,1
2561,3,785,352,21,25,1,1,1
2562,3,788,351,21,25,1,1,1
2563,3,790,351,21,25,1,1,1
2564,3,792,350,21,25,1,1,1
2565,3,795,349,21,25,1,1,1
2566,3,797,348,21,25,1,1,1
2567,3,799,347,21,25,1,1,1
2568,3,802,347,21,25,1,1,1
2569,3,802,343,21,26,1,1,1
2570,3,803,340,21,26,1,1,1
2571,3,804,337,21,26,1,1,1
2572,3,804,333,22,28,1,1,1
2573,3,805,330,22,28,1,1,1
2574,3,806,327,22,28,1,1,1
2575,3,806,323,23,30,1,1,1
2576,3,807,320,23,30,1,1,1
2577,3,808,317,23,30,1,1,1
2578,3,809,314,23,31,1,1,1
2579,3,809,311,24,31,1,1,1
2580,3,810,309,24,31,1,1,1
2581,3,811,306,24,32,1,1,1
2582,3,812,304,24,31,1,1,1
2583,3,813,301,24,32,1,1,1
2584,3,814,299,24,32,1,1,1
2585,3,815,297,24,32,1,1,1
2586,3,816,295,24,32,1,1,1
2587,3,817,293,24,32,1,1,1
2588,3,819,292,23,31,1,1,1
2589,3,821,291,23,31,1,1,1
2590,3,823,291,23,31,1,1,1
2591,3,826,290,23,32,1,1,1
2592,3,828,290,23,31,1,1,1
2593,3,830,289,23,32,1,1,1
2594,3,833,289,23,32,1,1,1
2595,3,835,292,24,32,1,1,1
2596,3,838,295,24,32,1,1,1
2597,3,841,299,24,32,1,1,1
2598,3,844,302,24,32,1,1,1
2599,3,847,306,24,32,1,1,1
2600,3,850,309,24,32,1,1,1
2601,3,853,312,24,32,1,1,1
2602,3,857,316,24,31,1,1,1
2603,3,860,319,24,31,1,1,1
2604,3,864,323,24,31,1,1,1
2605,3,866,322,24,31,1,1,1
2606,3,869,321,24,31,1,1,1
2607,3,872,320,23,31,1,1,1
2608,3,875,320,23,31,1,1,1
2609,3,875,320,23,31,1,1,1
2610,3,875,320,23,32,1,1,1
2611,3,875,320,23,32,1,1,1
2612,3,875,321,23,32,1,1,1
2613,3,874,321,23,32,1,1,1
2614,3,873,321,23,32,1,1,1
2615,3,872,321,23,32,1,1,1
2616,3,871,321,23,32,1,1,1
2617,3,870,321,23,32,1,1,1
2618,3,869,322,23,31,1,1,1
2619,3,867,323,24,31,1,1,1
2620,3,866,324,24,31,1,1,1
2621,3,865,325,24,31,1,1,1
2622,3,864,327,24,30,1,1,1
2623,3,862,328,25,30,1,1,1
2624,3,861,329,25,30,1,1,1
2625,3,860,330,25,30,1,1,1
2626,3,860,330,25,30,1,1,1
2697,3,684,329,25,34,1,1,1
2698,3,677,330,27,34,1,1,1
2699,3,669,328,29,37,1,1,1
2700,3,663,326,30,37,1,1,1
2701,3,658,324,30,38,1,1,1
2702,3,653,322,30,38,1,1,1
2703,3,648,320,31,39,1,1,1
2704,3,643,323,31,42,1,1,1
2705,3,638,316,31,40,1,1,1
2706,3,633,314,31,40,1,1,1
2707,3,628,313,32,40,1,1,1
2708,3,624,309,34,41,1,1,1
2709,3,620,305,36,43,1,1,1
2710,3,617,301,37,45,1,1,1
2711,3,612,298,39,47,1,1,1
2712,3,608,296,40,48,1,1,1
2713,3,603,293,42,50,1,1,1
2714,3,599,291,43,51,1,1,1
2715,3,595,289,44,52,1,1,1
2716,3,590,286,46,54,1,1,1
2717,3,586,284,47,55,1,1,1
2718,3,581,281,49,57,1,1,1
2719,3,577,279,50,58,1,1,1
2720,3,573,277,51,60,1,1,1
2721,3,572,273,53,62,1,1,1
2722,3,572,270,54,63,1,1,1
2723,3,572,266,55,66,1,1,1
2724,3,571,263,58,67,1,1,1
2725,3,571,259,59,70,1,1,1
2726,3,571,256,60,71,1,1,1
2727,3,571,253,62,73,1,1,1
2728,3,571,252,64,76,1,1,1
2729,3,572,252,66,78,1,1,1
2730,3,572,252,68,80,1,1,1
2731,3,573,252,70,83,1,1,1
2732,3,569,248,72,86,1,1,1
2733,3,565,245,74,88,1,1,1
2734,3,561,241,77,91,1,1,1
2735,3,557,238,79,93,1,1,1
2736,3,553,234,81,96,1,1,1
2737,3,550,231,83,99,1,1,1
2738,3,547,231,85,101,1,1,1
2739,3,545,232,87,103,1,1,1
2740,3,542,233,90,105,1,1,1
2741,3,540,234,91,107,1,1,1
2742,3,537,235,94,109,1,1,1
2743,3,537,235,94,109,1,1,1
2744,3,630,327,21,27,1,1,1
2745,3,630,324,21,27,1,1,1
2746,3,631,321,21,27,1,1,1
2747,3,631,318,21,27,1,1,1
2748,3,632,315,21,27,1,1,1
2749,3,632,312,21,27,1,1,1
2750,3,633,309,21,27,1,1,1
2751,3,633,306,21,27,1,1,1
2752,3,634,303,21,27,1,1,1
2753,3,634,300,21,27,1,1,1
2754,3,635,298,21,27,1,1,1
2755,3,634,295,21,28,1,1,1
2756,3,633,292,22,29,1,1,1
2757,3,632,289,23,30,1,1,1
2758,3,631,286,23,31,1,1,1
2759,3,631,284,23,31,1,1,1
2760,3,630,281,24,32,1,1,1
2761,3,629,278,24,33,1,1,1
2762,3,628,275,25,34,1,1,1
2763,3,627,272,26,35,1,1,1
2764,3,627,270,26,35,1,1,1
2765,3,625,268,26,35,1,1,1
2766,3,623,266,27,36,1,1,1
2767,3,621,264,28,36,1,1,1
2768,3,619,262,29,37,1,1,1
2769,3,618,260,29,38,1,1,1
2770,3,616,258,30,38,1,1,1
2771,3,614,256,31,39,1,1,1
2772,3,612,254,32,39,1,1,1
2773,3,610,252,33,40,1,1,1
2774,3,609,251,33,40,1,1,1
2775,3,608,249,34,41,1,1,1
2776,3,607,247,36,43,1,1,1
2777,3,606,245,38,45,1,1,1
2778,3,605,243,40,47,1,1,1
2779,3,602,239,42,49,1,1,1
2780,3,600,236,43,50,1,1,1
2781,3,598,233,44,51,1,1,1
2782,3,593,232,45,52,1,1,1
2783,3,588,231,47,53,1,1,1
2784,3,584,230,48,55,1,1,1
2785,3,578,231,49,56,1,1,1
2786,3,573,233,49,57,1,1,1
2787,3,568,235,49,57,1,1,1
2788,3,563,237,49,58,1,1,1
2789,3,558,239,49,58,1,1,1
2790,3,553,241,50,59,1,1,1
2791,3,552,240,50,59,1,1,1
2792,3,552,239,50,60,1,1,1
2793,3,552,238,50,60,1,1,1
2794,3,552,238,50,60,1,1,1
2795,3,554,241,50,60,1,1,1
2796,3,556,244,50,60,1,1,1
2797,3,558,247,50,60,1,1,1
2798,3,560,250,50,60,1,1,1
2799,3,562,254,50,60,1,1,1
2800,3,564,257,50,60,1,1,1
2801,3,566,260,50,60,1,1,1
2802,3,568,263,50,60,1,1,1
2803,3,570,266,50,60,1,1,1
2804,3,573,270,50,60,1,1,1
2805,3,576,268,49,59,1,1,1
2806,3,579,267,49,58,1,1,1
2807,3,582,265,48,58,1,1,1
2808,3,585,264,48,57,1,1,1
2809,3,590,265,47,56,1,1,1
2810,3,595,266,47,55,1,1,1
2811,3,601,268,46,54,1,1,1
2812,3,606,269,46,53,1,1,1
2813,3,612,271,45,52,1,1,1
2814,3,617,272,44,52,1,1,1
2815,3,622,274,44,51,1,1,1
2816,3,628,276,43,51,1,1,1
2817,3,633,277,42,51,1,1,1
2818,3,638,279,42,50,1,1,1
2819,3,644,281,41,50,1,1,1
2820,3,648,279,40,49,1,1,1
2821,3,652,277,40,48,1,1,1
2822,3,656,275,40,47,1,1,1
2823,3,660,273,40,46,1,1,1
2824,3,665,271,39,46,1,1,1
2825,3,667,271,38,45,1,1,1
2826,3,669,272,37,44,1,1,1
2827,3,671,272,36,44,1,1,1
2828,3,674,273,35,43,1,1,1
2829,3,676,275,34,42,1,1,1
2830,3,679,278,33,41,1,1,1
2831,3,681,280,33,41,1,1,1
2832,3,684,283,32,39,1,1,1
2833,3,686,285,32,39,1,1,1
2834,3,689,288,31,38,1,1,1
2835,3,691,287,30,37,1,1,1
2836,3,693,286,30,37,1,1,1
2837,3,695,285,30,36,1,1,1
2838,3,697,284,30,36,1,1,1
2839,3,699,283,30,35,1,1,1
2840,3,702,282,29,35,1,1,1
2841,3,704,281,29,34,1,1,1
2842,3,706,280,29,34,1,1,1
2843,3,708,279,29,33,1,1,1
2844,3,710,278,29,33,1,1,1
2845,3,710,278,29,33,1,1,1
2846,3,595,150,115,130,1,1,1
2847,3,595,151,115,130,1,1,1
2848,3,595,152,115,130,1,1,1
2849,3,595,153,115,130,1,1,1
2850,3,595,154,115,130,1,1,1
2851,3,595,156,115,130,1,1,1
2852,3,595,157,115,130,1,1,1
2853,3,595,158,115,130,1,1,1
2854,3,595,159,115,130,1,1,1
2855,3,595,160,115,130,1,1,1
2856,3,596,162,115,130,1,1,1
2857,3,589,160,116,131,1,1,1
2858,3,582,159,118,131,1,1,1
2859,3,576,157,118,133,1,1,1
2860,3,569,156,120,133,1,1,1
2861,3,563,155,120,134,1,1,1
2862,3,556,153,122,135,1,1,1
2863,3,549,152,123,135,1,1,1
2864,3,543,150,124,137,1,1,1
2865,3,536,149,125,137,1,1,1
2866,3,530,148,126,138,1,1,1
2867,3,525,146,127,139,1,1,1
2868,3,520,145,128,140,1,1,1
2869,3,516,144,128,141,1,1,1
2870,3,511,142,129,143,1,1,1
2871,3,507,141,130,144,1,1,1
2872,3,502,140,131,145,1,1,1
2873,3,497,138,132,147,1,1,1
2874,3,493,137,132,148,1,1,1
2875,3,488,136,133,149,1,1,1
2876,3,484,135,134,150,1,1,1
2877,3,488,142,135,151,1,1,1
2878,3,492,149,136,152,1,1,1
2879,3,496,156,137,153,1,1,1
2880,3,501,164,137,154,1,1,1
2881,3,514,164,138,155,1,1,1
2882,3,527,164,139,156,1,1,1
2883,3,541,164,139,157,1,1,1
2884,3,554,164,140,158,1,1,1
2885,3,567,164,141,159,1,1,1
2886,3,581,164,141,160,1,1,1
2887,3,588,159,141,161,1,1,1
2888,3,595,154,142,162,1,1,1
2889,3,602,149,142,163,1,1,1
2890,3,610,144,142,164,1,1,1
2891,3,617,139,142,165,1,1,1
2892,3,624,134,143,166,1,1,1
2893,3,632,129,143,167,1,1,1
2894,3,634,134,144,168,1,1,1
2895,3,636,139,145,169,1,1,1
2896,3,639,145,145,169,1,1,1
2897,3,643,142,146,170,1,1,1
2898,3,647,140,147,171,1,1,1
2899,3,651,138,148,172,1,1,1
2900,3,655,136,149,173,1,1,1
2901,3,660,134,149,174,1,1,1
2902,3,660,128,149,174,1,1,1
2903,3,660,122,150,175,1,1,1
2904,3,660,116,150,175,1,1,1
2905,3,660,110,151,176,1,1,1
2906,3,661,104,151,177,1,1,1
2907,3,654,111,151,177,1,1,1
2908,3,647,119,151,177,1,1,1
2909,3,640,127,151,177,1,1,1
2910,3,633,135,151,177,1,1,1
2911,3,627,143,151,177,1,1,1
2912,3,619,141,151,177,1,1,1
2913,3,612,139,151,177,1,1,1
2914,3,605,137,151,177,1,1,1
2915,3,597,135,151,177,1,1,1
2916,3,590,133,151,177,1,1,1
2917,3,590,133,151,177,1,1,1
2918,3,56,58,107,143,1,1,1
2919,3,62,64,107,142,1,1,1
2920,3,69,70,106,141,1,1,1
2921,3,75,77,107,140,1,1,1
2922,3,82,83,106,139,1,1,1
2923,3,88,89,106,138,1,1,1
2924,3,95,96,106,137,1,1,1
2925,3,117,101,106,136,1,1,1
2926,3,139,106,106,135,1,1,1
2927,3,161,111,106,134,1,1,1
2928,3,184,116,106,133,1,1,1
2929,3,210,119,104,130,1,1,1
2930,3,237,123,102,127,1,1,1
2931,3,264,126,99,125,1,1,1
2932,3,290,130,98,122,1,1,1
2933,3,317,133,95,120,1,1,1
2934,3,344,137,93,117,1,1,1
2935,3,371,141,91,114,1,1,1
2936,3,393,144,89,111,1,1,1
2937,3,415,147,87,109,1,1,1
2938,3,437,151,85,106,1,1,1
2939,3,452,155,83,104,1,1,1
2940,3,468,160,81,101,1,1,1
2941,3,484,164,79,99,1,1,1
2942,3,500,169,77,96,1,1,1
2943,3,516,174,75,94,1,1,1
2944,3,532,178,73,92,1,1,1
2945,3,548,183,71,89,1,1,1
2946,3,564,187,69,87,1,1,1
2947,3,580,192,67,84,1,1,1
2948,3,596,197,65,82,1,1,1
2949,3,601,204,63,80,1,1,1
2950,3,606,212,61,77,1,1,1
2951,3,611,220,59,74,1,1,1
2952,3,617,228,57,71,1,1,1
2953,3,618,232,55,68,1,1,1
2954,3,620,237,53,65,1,1,1
2955,3,622,242,51,61,1,1,1
2956,3,623,246,49,59,1,1,1
2957,3,625,251,47,55,1,1,1
2958,3,627,256,45,52,1,1,1
2959,3,627,258,43,50,1,1,1
2960,3,627,261,42,48,1,1,1
2961,3,627,263,40,47,1,1,1
2962,3,627,266,39,45,1,1,1
2963,3,628,268,37,44,1,1,1
2964,3,628,271,35,42,1,1,1
2965,3,628,273,34,41,1,1,1
2966,3,628,276,32,39,1,1,1
2967,3,628,278,31,38,1,1,1
2968,3,629,281,29,36,1,1,1
2969,3,627,283,29,34,1,1,1
2970,3,626,285,28,33,1,1,1
2971,3,625,287,27,32,1,1,1
2972,3,623,289,27,31,1,1,1
2973,3,622,291,26,30,1,1,1
2974,3,621,293,25,29,1,1,1
2975,3,619,295,25,28,1,1,1
2976,3,618,297,24,27,1,1,1
2977,3,617,299,23,26,1,1,1
2978,3,616,301,23,25,1,1,1
2979,3,613,302,23,25,1,1,1
2980,3,611,304,23,25,1,1,1
2981,3,609,306,23,25,1,1,1
2982,3,609,306,23,25,1,1,1
3076,3,591,388,20,22,1,1,1
3077,3,591,388,20,22,1,1,1
3078,3,591,388,20,22,1,1,1
3079,3,591,388,20,22,1,1,1
3080,3,592,389,20,22,1,1,1
3081,3,592,389,20,22,1,1,1
3082,3,592,389,20,22,1,1,1
3083,3,593,390,20,22,1,1,1
3084,3,593,390,20,22,1,1,1
3085,3,593,390,20,22,1,1,1
3086,3,594,391,20,22,1,1,1
3087,3,594,391,20,22,1,1,1
3088,3,594,391,20,22,1,1,1
3089,3,594,391,20,22,1,1,1
3090,3,594,391,20,22,1,1,1
3091,3,594,391,20,22,1,1,1
3092,3,594,391,20,22,1,1,1
3093,3,594,391,20,22,1,1,1
3094,3,594,391,20,22,1,1,1
3095,3,594,391,20,22,1,1,1
3096,3,352,234,121,144,1,1,1
3097,3,350,236,121,144,1,1,1
3098,3,349,239,121,144,1,1,1
3099,3,347,241,121,144,1,1,1
3100,3,346,244,121,144,1,1,1
3101,3,344,247,121,144,1,1,1
3102,3,343,249,121,144,1,1,1
3103,3,341,252,121,144,1,1,1
3104,3,340,254,121,144,1,1,1
3105,3,338,257,121,144,1,1,1
3106,3,337,260,121,144,1,1,1
3107,3,332,262,121,144,1,1,1
3108,3,327,264,121,144,1,1,1
3109,3,322,266,121,144,1,1,1
3110,3,317,268,121,144,1,1,1
3111,3,312,270,121,144,1,1,1
3112,3,307,272,121,144,1,1,1
3113,3,302,274,121,144,1,1,1
3114,3,297,276,121,144,1,1,1
3115,3,292,278,121,144,1,1,1
3116,3,287,281,121,144,1,1,1
3117,3,287,280,120,144,1,1,1
3118,3,287,280,120,143,1,1,1
3119,3,287,280,120,142,1,1,1
3120,3,287,280,120,142,1,1,1
3121,3,287,280,120,141,1,1,1
3122,3,287,279,120,141,1,1,1
3123,3,287,279,120,141,1,1,1
3124,3,287,279,120,140,1,1,1
3125,3,287,279,120,139,1,1,1
3126,3,287,279,120,139,1,1,1
3127,3,289,269,120,139,1,1,1
3128,3,292,260,120,139,1,1,1
3129,3,294,251,120,139,1,1,1
3130,3,297,242,120,139,1,1,1
3131,3,299,233,120,139,1,1,1
3132,3,302,223,120,139,1,1,1
3133,3,304,214,120,139,1,1,1
3134,3,307,205,120,139,1,1,1
3135,3,309,196,120,139,1,1,1
3136,3,312,187,120,139,1,1,1
3137,3,319,186,119,138,1,1,1
3138,3,326,185,118,137,1,1,1
3139,3,333,184,117,136,1,1,1
3140,3,340,183,116,136,1,1,1
3141,3,347,183,115,134,1,1,1
3142,3,354,182,114,133,1,1,1
3143,3,361,181,113,133,1,1,1
3144,3,368,180,112,132,1,1,1
3145,3,375,179,111,131,1,1,1
3146,3,383,179,109,130,1,1,1
3147,3,394,176,109,130,1,1,1
3148,3,406,174,109,130,1,1,1
3149,3,417,172,109,130,1,1,1
3150,3,429,169,109,130,1,1,1
3151,3,440,167,109,130,1,1,1
3152,3,452,165,109,130,1,1,1
3169,3,608,370,21,26,1,1,1
3170,3,609,369,21,26,1,1,1
3171,3,611,368,21,26,1,1,1
3172,3,612,367,21,26,1,1,1
3173,3,614,366,21,26,1,1,1
3174,3,616,365,21,26,1,1,1
3175,3,617,364,21,26,1,1,1
3176,3,619,363,21,26,1,1,1
3177,3,620,362,21,26,1,1,1
3178,3,622,361,21,26,1,1,1
3179,3,624,361,21,26,1,1,1
3180,3,625,360,21,26,1,1,1
3181,3,626,360,21,26,1,1,1
3182,3,627,359,21,26,1,1,1
3183,3,629,359,21,26,1,1,1
3184,3,630,358,21,26,1,1,1
3185,3,631,358,21,26,1,1,1
3186,3,633,357,21,26,1,1,1
3187,3,634,357,21,26,1,1,1
3188,3,635,356,21,26,1,1,1
3189,3,637,356,21,26,1,1,1
3190,3,636,355,21,26,1,1,1
3191,3,636,354,21,26,1,1,1
3192,3,636,353,21,26,1,1,1
3193,3,636,353,21,26,1,1,1
3194,3,636,352,21,26,1,1,1
3195,3,636,351,21,26,1,1,1
3196,3,636,351,21,26,1,1,1
3197,3,636,350,21,26,1,1,1
3198,3,636,349,21,26,1,1,1
3199,3,636,349,21,26,1,1,1
3200,3,634,347,21,26,1,1,1
3201,3,633,346,21,26,1,1,1
3202,3,631,345,21,26,1,1,1
3203,3,630,344,21,26,1,1,1
3204,3,629,343,21,26,1,1,1
3205,3,627,342,21,26,1,1,1
3206,3,626,341,21,26,1,1,1
3218,3,686,120,191,238,1,1,1
3219,3,688,126,191,238,1,1,1
3220,3,691,133,190,237,1,1,1
3221,3,694,139,189,238,1,1,1
3222,3,697,146,188,237,1,1,1
3223,3,700,152,187,238,1,1,1
3224,3,702,159,187,237,1,1,1
3225,3,705,165,186,237,1,1,1
3226,3,708,172,185,237,1,1,1
3227,3,711,178,184,237,1,1,1
3228,3,714,185,183,237,1,1,1
3229,3,720,189,183,237,1,1,1
3230,3,727,193,183,237,1,1,1
3231,3,734,197,183,237,1,1,1
3232,3,741,201,183,237,1,1,1
3233,3,748,206,183,237,1,1,1
3234,3,755,210,183,237,1,1,1
3235,3,762,214,183,237,1,1,1
3236,3,769,218,183,237,1,1,1
3237,3,776,222,183,237,1,1,1
3238,3,783,227,183,237,1,1,1
3239,3,777,231,183,237,1,1,1
3240,3,771,236,183,237,1,1,1
3241,3,765,241,183,237,1,1,1
3242,3,759,245,183,237,1,1,1
3243,3,753,250,183,237,1,1,1
3244,3,747,255,183,237,1,1,1
3245,3,741,259,183,237,1,1,1
3246,3,735,264,183,237,1,1,1
3247,3,729,269,183,237,1,1,1
3248,3,723,274,183,237,1,1,1
3249,3,719,254,183,237,1,1,1
3250,3,715,234,183,237,1,1,1
3251,3,712,215,183,237,1,1,1
3252,3,708,195,183,237,1,1,1
3253,3,705,176,183,237,1,1,1
3254,3,701,156,183,237,1,1,1
3255,3,697,136,183,237,1,1,1
3256,3,694,117,183,237,1,1,1
3257,3,690,97,183,237,1,1,1
3258,3,687,78,183,237,1,1,1
3259,3,689,77,186,240,1,1,1
3260,3,692,77,188,243,1,1,1
3261,3,695,77,190,245,1,1,1
3262,3,698,77,192,248,1,1,1
3263,3,701,77,195,250,1,1,1
3264,3,704,77,197,253,1,1,1
3265,3,707,77,199,255,1,1,1
3266,3,710,77,201,258,1,1,1
3267,3,713,77,203,260,1,1,1
3268,3,716,77,206,263,1,1,1
3269,3,711,93,207,263,1,1,1
3270,3,706,109,209,263,1,1,1
3271,3,701,125,210,263,1,1,1
3272,3,696,141,212,263,1,1,1
3273,3,692,158,212,262,1,1,1
3274,3,687,174,214,262,1,1,1
3275,3,682,190,215,262,1,1,1
3276,3,677,206,217,262,1,1,1
3277,3,672,222,218,262,1,1,1
3278,3,668,239,219,262,1,1,1
3279,3,670,212,219,262,1,1,1
3280,3,672,186,219,262,1,1,1
3281,3,675,160,219,262,1,1,1
3282,3,677,134,219,262,1,1,1
3283,3,679,108,219,262,1,1,1
3284,3,682,82,219,262,1,1,1
3285,3,684,56,219,262,1,1,1
3286,3,684,56,219,262,1,1,1
3287,3,649,199,40,48,1,1,1
3288,3,648,198,40,48,1,1,1
3289,3,648,198,40,48,1,1,1
3290,3,648,198,40,48,1,1,1
3291,3,648,197,40,48,1,1,1
3292,3,648,197,40,48,1,1,1
3293,3,647,197,40,48,1,1,1
3294,3,647,196,40,48,1,1,1
3295,3,647,196,40,48,1,1,1
3296,3,647,196,40,48,1,1,1
3297,3,647,196,40,48,1,1,1
3298,3,648,200,40,48,1,1,1
3299,3,649,205,40,48,1,1,1
3300,3,651,209,40,48,1,1,1
3301,3,652,214,40,48,1,1,1
3302,3,654,219,40,48,1,1,1
3303,3,655,223,40,48,1,1,1
3304,3,656,228,40,48,1,1,1
3305,3,658,232,40,48,1,1,1
3306,3,659,237,40,48,1,1,1
3307,3,661,242,40,48,1,1,1
3308,3,665,237,42,51,1,1,1
3309,3,669,233,44,53,1,1,1
3310,3,673,229,46,55,1,1,1
3311,3,677,225,48,57,1,1,1
3312,3,681,221,51,60,1,1,1
3313,3,685,217,53,62,1,1,1
3314,3,689,213,55,64,1,1,1
3315,3,693,209,57,66,1,1,1
3316,3,697,205,59,68,1,1,1
3317,3,702,201,61,71,1,1,1
3318,3,710,197,65,76,1,1,1
3319,3,718,193,69,81,1,1,1
3320,3,726,189,73,87,1,1,1
3321,3,734,185,77,92,1,1,1
3322,3,742,181,81,97,1,1,1
3323,3,751,177,84,103,1,1,1
3324,3,764,168,90,111,1,1,1
3325,3,777,159,97,120,1,1,1
3326,3,790,150,104,128,1,1,1
3327,3,803,141,111,137,1,1,1
3328,3,820,132,118,146,1,1,1
3329,3,838,124,124,154,1,1,1
3330,3,855,115,131,163,1,1,1
3331,3,873,107,138,172,1,1,1
3332,3,893,115,144,179,1,1,1
3333,3,913,123,151,186,1,1,1
3334,3,933,131,157,193,1,1,1
3335,3,933,131,157,193,1,1,1
3392,3,627,386,12,15,1,1,1
3393,3,627,386,12,15,1,1,1
3394,3,628,386,12,15,1,1,1
3395,3,629,386,12,15,1,1,1
3396,3,630,386,12,15,1,1,1
3397,3,631,386,12,15,1,1,1
3398,3,632,386,12,15,1,1,1
3399,3,633,386,12,15,1,1,1
3400,3,634,386,12,15,1,1,1
3401,3,635,386,12,15,1,1,1
3402,3,636,386,12,15,1,1,1
3403,3,636,385,12,15,1,1,1
3404,3,636,384,12,15,1,1,1
3405,3,636,383,13,16,1,1,1
3406,3,636,382,13,16,1,1,1
3407,3,636,381,14,17,1,1,1
3408,3,636,380,14,17,1,1,1
3409,3,637,380,14,17,1,1,1
3410,3,636,378,15,18,1,1,1
3411,3,635,377,16,18,1,1,1
3412,3,635,376,16,18,1,1,1
3413,3,633,374,17,19,1,1,1
3414,3,632,373,17,19,1,1,1
3415,3,630,372,18,20,1,1,1
3416,3,629,371,18,20,1,1,1
3417,3,628,370,19,21,1,1,1
3418,3,625,368,19,22,1,1,1
3419,3,622,367,19,22,1,1,1
3420,3,619,365,20,24,1,1,1
3421,3,616,364,20,24,1,1,1
3572,3,468,407,22,30,1,1,1
3573,3,466,405,22,30,1,1,1
3574,3,465,403,22,30,1,1,1
3575,3,464,401,22,30,1,1,1
3576,3,463,399,22,30,1,1,1
3577,3,462,397,22,30,1,1,1
3578,3,461,396,22,30,1,1,1
3579,3,458,393,22,30,1,1,1
3580,3,455,391,22,30,1,1,1
3581,3,452,388,22,30,1,1,1
3582,3,449,386,22,30,1,1,1
3583,3,446,383,22,30,1,1,1
3584,3,443,381,22,30,1,1,1
3735,3,586,108,132,157,1,1,1
3736,3,588,108,132,157,1,1,1
3737,3,591,108,132,157,1,1,1
3738,3,594,108,132,157,1,1,1
3739,3,597,108,132,157,1,1,1
3740,3,600,108,132,157,1,1,1
3741,3,602,108,132,157,1,1,1
3742,3,605,108,132,157,1,1,1
3743,3,608,108,132,157,1,1,1
3744,3,611,108,132,157,1,1,1
3745,3,614,108,132,157,1,1,1
3746,3,611,109,132,157,1,1,1
3747,3,608,110,132,157,1,1,1
3748,3,605,112,132,157,1,1,1
3749,3,602,113,132,157,1,1,1
3750,3,599,115,132,157,1,1,1
3751,3,596,116,132,157,1,1,1
3752,3,593,117,132,157,1,1,1
3753,3,590,119,132,157,1,1,1
3754,3,587,120,132,157,1,1,1
3755,3,585,122,132,157,1,1,1
3756,3,582,121,132,157,1,1,1
3757,3,580,121,132,157,1,1,1
3758,3,577,121,132,157,1,1,1
3759,3,575,121,132,157,1,1,1
3760,3,573,121,132,157,1,1,1
3761,3,570,121,132,157,1,1,1
3762,3,568,121,132,157,1,1,1
3763,3,565,121,132,157,1,1,1
3764,3,563,121,132,157,1,1,1
3765,3,561,121,132,157,1,1,1
3766,3,558,122,133,157,1,1,1
3767,3,555,123,134,157,1,1,1
3768,3,552,125,135,156,1,1,1
3769,3,550,126,135,157,1,1,1
3770,3,547,128,136,156,1,1,1
3771,3,544,129,137,156,1,1,1
3772,3,542,130,137,157,1,1,1
3773,3,539,132,138,156,1,1,1
3774,3,536,133,139,156,1,1,1
3775,3,534,135,139,156,1,1,1
3776,3,531,136,140,158,1,1,1
3777,3,528,137,142,160,1,1,1
3778,3,525,138,143,162,1,1,1
3779,3,523,139,144,164,1,1,1
3780,3,525,137,145,165,1,1,1
3781,3,527,135,146,167,1,1,1
3782,3,529,133,148,169,1,1,1
3783,3,531,131,149,170,1,1,1
3784,3,533,129,150,172,1,1,1
3785,3,536,127,151,174,1,1,1
3786,3,533,126,152,175,1,1,1
3787,3,531,126,153,175,1,1,1
3788,3,528,125,154,176,1,1,1
3789,3,526,125,155,176,1,1,1
3790,3,522,125,157,176,1,1,1
3791,3,519,125,158,177,1,1,1
3792,3,516,126,159,177,1,1,1
3793,3,513,126,160,178,1,1,1
3794,3,510,126,161,179,1,1,1
3795,3,507,127,162,179,1,1,1
3796,3,510,131,162,181,1,1,1
3797,3,514,135,162,184,1,1,1
3798,3,518,139,161,186,1,1,1
3799,3,522,144,161,188,1,1,1
3800,3,525,161,161,190,1,1,1
3801,3,529,179,161,192,1,1,1
3802,3,533,197,161,194,1,1,1
3803,3,537,215,160,196,1,1,1
3804,3,541,233,160,198,1,1,1
3805,3,545,251,160,200,1,1,1
3806,3,545,251,160,200,1,1,1
3869,3,534,331,27,35,1,1,1
3870,3,533,331,27,35,1,1,1
3871,3,533,331,27,35,1,1,1
3872,3,533,332,27,34,1,1,1
3873,3,533,332,27,34,1,1,1
3874,3,533,332,26,34,1,1,1
3875,3,533,333,26,33,1,1,1
3876,3,533,333,26,33,1,1,1
3877,3,533,334,26,32,1,1,1
3878,3,534,334,26,32,1,1,1
3879,3,536,335,26,31,1,1,1
3880,3,537,336,26,31,1,1,1
3881,3,539,336,26,31,1,1,1
3882,3,540,337,26,31,1,1,1
3883,3,542,338,26,30,1,1,1
3884,3,544,338,26,30,1,1,1
3885,3,545,339,26,30,1,1,1
3886,3,547,340,26,29,1,1,1
3887,3,548,340,26,30,1,1,1
3888,3,550,341,26,29,1,1,1
3889,3,552,342,26,29,1,1,1
3890,3,553,341,26,29,1,1,1
3891,3,554,340,26,29,1,1,1
3892,3,555,339,27,29,1,1,1
3893,3,556,338,27,29,1,1,1
3894,3,557,337,27,29,1,1,1
3895,3,559,336,27,30,1,1,1
3896,3,559,334,27,30,1,1,1
3897,3,560,333,27,30,1,1,1
3898,3,561,332,26,29,1,1,1
3899,3,562,331,26,29,1,1,1
3900,3,560,329,26,29,1,1,1
3901,3,559,327,26,29,1,1,1
3902,3,557,326,26,29,1,1,1
3903,3,556,324,26,29,1,1,1
3904,3,554,323,26,29,1,1,1
3905,3,553,321,26,29,1,1,1
3906,3,551,319,26,29,1,1,1
3907,3,550,318,26,29,1,1,1
3908,3,548,316,26,29,1,1,1
3909,3,547,315,26,29,1,1,1
3910,3,546,314,26,29,1,1,1
3911,3,545,313,26,29,1,1,1
3912,3,544,313,26,29,1,1,1
3913,3,543,312,26,29,1,1,1
3914,3,542,312,26,29,1,1,1
3915,3,541,311,26,29,1,1,1
3916,3,540,310,26,29,1,1,1
3917,3,539,310,26,29,1,1,1
3918,3,538,309,26,29,1,1,1
3919,3,538,309,26,29,1,1,1
3920,3,538,309,26,29,1,1,1
3921,3,538,309,26,29,1,1,1
3922,3,538,309,26,29,1,1,1
3923,3,539,309,26,29,1,1,1
3924,3,539,309,26,29,1,1,1
3925,3,539,309,26,29,1,1,1
3926,3,540,309,26,29,1,1,1
3927,3,540,309,26,29,1,1,1
3928,3,540,309,26,29,1,1,1
3929,3,541,310,26,29,1,1,1
3930,3,542,310,26,29,1,1,1
3931,3,544,311,26,29,1,1,1
3932,3,546,312,26,29,1,1,1
3933,3,548,312,26,29,1,1,1
3934,3,550,313,26,29,1,1,1
3935,3,551,314,26,29,1,1,1
3936,3,553,314,26,29,1,1,1
3937,3,555,315,26,29,1,1,1
3938,3,557,316,26,29,1,1,1
3939,3,559,317,26,29,1,1,1
3940,3,561,316,26,29,1,1,1
3941,3,564,316,26,29,1,1,1
3942,3,567,316,26,29,1,1,1
3943,3,570,316,26,29,1,1,1
3944,3,573,316,26,29,1,1,1
3945,3,575,316,26,29,1,1,1
3946,3,578,316,26,29,1,1,1
3947,3,581,316,26,29,1,1,1
3948,3,584,316,26,29,1,1,1
3949,3,587,316,26,29,1,1,1
3950,3,588,316,26,29,1,1,1
3951,3,590,317,26,29,1,1,1
3952,3,591,318,26,29,1,1,1
3953,3,593,318,26,29,1,1,1
3954,3,594,319,26,29,1,1,1
3955,3,596,320,26,29,1,1,1
3956,3,598,320,26,29,1,1,1
3957,3,599,321,26,29,1,1,1
3958,3,601,322,26,29,1,1,1
3959,3,602,322,26,29,1,1,1
3960,3,604,323,26,29,1,1,1
4008,3,415,312,100,105,1,1,1
4009,3,413,290,99,114,1,1,1
4010,3,411,284,100,109,1,1,1
4011,3,407,276,101,111,1,1,1
4012,3,406,273,102,109,1,1,1
4013,3,405,267,106,110,1,1,1
4014,3,411,248,103,130,1,1,1
4015,3,413,246,102,128,1,1,1
4016,3,415,244,102,126,1,1,1
4017,3,417,242,101,124,1,1,1
4018,3,419,241,101,122,1,1,1
4019,3,421,239,100,120,1,1,1
4020,3,423,237,100,118,1,1,1
4021,3,425,236,99,116,1,1,1
4022,3,427,234,99,114,1,1,1
4023,3,429,232,98,112,1,1,1
4024,3,432,231,97,110,1,1,1
4025,3,436,229,95,108,1,1,1
4026,3,440,227,94,107,1,1,1
4027,3,444,225,93,106,1,1,1
4028,3,448,223,91,104,1,1,1
4029,3,453,221,89,103,1,1,1
4030,3,457,219,88,102,1,1,1
4031,3,461,217,86,100,1,1,1
4032,3,465,215,85,99,1,1,1
4033,3,469,213,84,98,1,1,1
4034,3,474,211,82,97,1,1,1
4035,3,478,209,81,96,1,1,1
4036,3,482,207,80,95,1,1,1
4037,3,486,206,79,93,1,1,1
4038,3,490,204,78,92,1,1,1
4039,3,495,203,77,90,1,1,1
4040,3,499,201,76,89,1,1,1
4041,3,503,200,75,87,1,1,1
4042,3,507,198,74,86,1,1,1
4043,3,507,198,74,86,1,1,1
4134,3,2,286,75,87,1,1,1
4135,3,42,291,72,84,1,1,1
4136,3,82,297,69,80,1,1,1
4137,3,122,303,66,77,1,1,1
4138,3,155,306,63,73,1,1,1
4139,3,189,309,60,70,1,1,1
4140,3,223,312,57,67,1,1,1
4141,3,251,315,54,63,1,1,1
4142,3,279,318,51,60,1,1,1
4143,3,307,321,48,57,1,1,1
4144,3,335,324,46,54,1,1,1
4145,3,356,328,44,52,1,1,1
4146,3,377,333,43,49,1,1,1
4147,3,398,338,42,46,1,1,1
4148,3,413,342,41,43,1,1,1
4149,3,428,346,40,41,1,1,1
4150,3,444,350,38,39,1,1,1
4151,3,453,353,38,38,1,1,1
4152,3,462,356,38,38,1,1,1
4153,3,471,359,38,37,1,1,1
4154,3,481,362,38,37,1,1,1
4155,3,484,364,36,37,1,1,1
4156,3,487,367,35,36,1,1,1
4157,3,490,370,33,35,1,1,1
4158,3,493,373,32,34,1,1,1
4159,3,496,376,31,33,1,1,1
4160,3,499,378,29,33,1,1,1
4161,3,502,381,28,32,1,1,1
4162,3,505,384,26,31,1,1,1
4163,3,508,387,25,30,1,1,1
4164,3,512,390,23,30,1,1,1
4165,3,509,391,23,29,1,1,1
4166,3,506,392,23,28,1,1,1
4167,3,503,393,24,28,1,1,1
4168,3,500,394,24,27,1,1,1
4169,3,497,395,25,27,1,1,1
4170,3,494,396,25,26,1,1,1
4171,3,492,398,25,25,1,1,1
4172,3,489,398,24,25,1,1,1
4173,3,486,399,24,25,1,1,1
4174,3,483,399,24,25,1,1,1
4175,3,480,400,23,25,1,1,1
4176,3,477,401,23,24,1,1,1
4177,3,474,401,23,25,1,1,1
4178,3,471,402,22,24,1,1,1
4179,3,468,402,22,25,1,1,1
4180,3,465,403,22,24,1,1,1
4181,3,462,404,22,24,1,1,1
4182,3,460,404,22,24,1,1,1
4183,3,458,404,22,24,1,1,1
4184,3,456,404,22,24,1,1,1
4185,3,455,405,22,24,1,1,1
4186,3,453,405,22,24,1,1,1
4187,3,451,405,22,24,1,1,1
4188,3,449,405,22,24,1,1,1
4189,3,448,406,22,24,1,1,1
4190,3,446,406,22,24,1,1,1
4191,3,444,406,22,24,1,1,1
4192,3,442,406,22,24,1,1,1
4193,3,441,407,22,24,1,1,1
4194,3,439,407,22,24,1,1,1
4195,3,437,407,22,24,1,1,1
4196,3,435,407,22,24,1,1,1
4197,3,434,408,22,24,1,1,1
4198,3,432,408,22,24,1,1,1
4199,3,430,408,22,24,1,1,1
4200,3,428,408,22,24,1,1,1
4201,3,427,409,22,24,1,1,1
4202,3,425,409,22,23,1,1,1
4203,3,424,409,22,23,1,1,1
4204,3,423,409,22,23,1,1,1
4205,3,422,409,21,23,1,1,1
4206,3,421,409,21,23,1,1,1
4207,3,420,409,21,23,1,1,1
4208,3,419,409,20,23,1,1,1
4209,3,418,409,20,23,1,1,1
4210,3,417,409,20,23,1,1,1
4211,3,416,409,20,23,1,1,1
4212,3,415,409,20,23,1,1,1
4213,3,415,409,20,23,1,1,1
4214,3,415,409,20,23,1,1,1
4215,3,415,409,20,23,1,1,1
4216,3,414,409,20,23,1,1,1
4217,3,414,409,20,23,1,1,1
4218,3,414,409,20,23,1,1,1
4219,3,414,409,20,23,1,1,1
4348,3,2,182,36,62,1,1,1
4349,3,2,186,43,64,1,1,1
4350,3,2,188,54,64,1,1,1
4351,3,4,182,62,72,1,1,1
4352,3,14,181,61,70,1,1,1
4353,3,25,180,59,69,1,1,1
4354,3,35,180,59,67,1,1,1
4355,3,46,179,57,66,1,1,1
4356,3,56,178,56,65,1,1,1
4357,3,67,178,55,63,1,1,1
4358,3,75,177,54,61,1,1,1
4359,3,84,176,53,59,1,1,1
4360,3,93,176,52,57,1,1,1
4361,3,100,179,51,56,1,1,1
4362,3,107,183,51,55,1,1,1
4363,3,115,186,49,55,1,1,1
4364,3,122,190,49,53,1,1,1
4365,3,129,193,48,53,1,1,1
4366,3,137,197,47,52,1,1,1
4367,3,143,197,46,52,1,1,1
4368,3,149,198,45,51,1,1,1
4369,3,155,199,44,50,1,1,1
4370,3,161,200,43,49,1,1,1
4371,3,167,201,43,49,1,1,1
4372,3,170,199,43,48,1,1,1
4373,3,173,197,43,48,1,1,1
4374,3,176,195,43,48,1,1,1
4375,3,180,193,43,48,1,1,1
4376,3,183,194,43,48,1,1,1
4377,3,186,195,43,48,1,1,1
4378,3,189,196,43,48,1,1,1
4379,3,192,197,43,48,1,1,1
4380,3,195,198,43,48,1,1,1
4381,3,198,198,43,48,1,1,1
4382,3,202,199,43,48,1,1,1
4383,3,206,200,43,48,1,1,1
4384,3,210,201,43,48,1,1,1
4385,3,214,202,43,48,1,1,1
4386,3,217,203,43,47,1,1,1
4387,3,221,204,43,47,1,1,1
4388,3,225,205,43,47,1,1,1
4389,3,229,206,43,47,1,1,1
4390,3,233,207,43,47,1,1,1
4391,3,237,208,43,47,1,1,1
4392,3,245,206,43,47,1,1,1
4393,3,254,204,42,47,1,1,1
4394,3,262,202,43,47,1,1,1
4395,3,271,200,42,47,1,1,1
4396,3,279,198,42,47,1,1,1
4397,3,279,198,42,47,1,1,1
4398,3,327,144,135,171,1,1,1
4399,3,344,144,130,166,1,1,1
4400,3,361,145,125,161,1,1,1
4401,3,378,145,120,156,1,1,1
4402,3,395,146,115,151,1,1,1
4441,3,541,289,42,54,1,1,1
4442,3,543,291,41,52,1,1,1
4443,3,546,293,40,50,1,1,1
4444,3,549,295,39,49,1,1,1
4445,3,552,297,37,47,1,1,1
4446,3,555,299,36,46,1,1,1
4447,3,557,301,36,44,1,1,1
4448,3,560,303,34,42,1,1,1
4449,3,563,305,33,41,1,1,1
4450,3,566,307,32,39,1,1,1
4451,3,569,310,31,37,1,1,1
4452,3,571,311,30,36,1,1,1
4453,3,574,313,29,35,1,1,1
4454,3,576,314,29,34,1,1,1
4455,3,579,316,27,33,1,1,1
4456,3,581,317,27,33,1,1,1
4457,3,584,319,26,31,1,1,1
4458,3,586,320,25,31,1,1,1
4459,3,589,322,24,29,1,1,1
4460,3,591,323,24,29,1,1,1
4461,3,591,323,24,29,1,1,1
4462,3,543,147,44,53,1,1,1
4463,3,542,146,44,53,1,1,1
4464,3,542,145,44,53,1,1,1
4465,3,541,144,44,53,1,1,1
4466,3,541,143,44,53,1,1,1
4467,3,541,143,44,53,1,1,1
4468,3,540,142,44,53,1,1,1
4469,3,540,141,44,53,1,1,1
4470,3,539,140,44,53,1,1,1
4471,3,539,139,44,53,1,1,1
4472,3,539,139,44,53,1,1,1
4473,3,539,138,44,53,1,1,1
4474,3,539,138,44,53,1,1,1
4475,3,539,137,44,53,1,1,1
4476,3,539,137,44,53,1,1,1
4477,3,540,137,44,53,1,1,1
4478,3,540,136,44,53,1,1,1
4479,3,540,136,44,53,1,1,1
4480,3,540,135,44,53,1,1,1
4481,3,540,135,44,53,1,1,1
4482,3,541,135,44,53,1,1,1
4483,3,541,134,44,53,1,1,1
4484,3,542,134,44,53,1,1,1
4485,3,542,133,44,53,1,1,1
4486,3,543,133,44,53,1,1,1
4487,3,543,132,44,53,1,1,1
4488,3,544,132,44,53,1,1,1
4489,3,544,131,44,53,1,1,1
4490,3,545,131,44,53,1,1,1
4491,3,545,130,44,53,1,1,1
4492,3,546,130,44,53,1,1,1
4493,3,546,129,44,53,1,1,1
4494,3,546,128,44,53,1,1,1
4495,3,546,127,44,53,1,1,1
4496,3,547,127,44,53,1,1,1
4497,3,547,126,44,53,1,1,1
4498,3,547,125,44,53,1,1,1
4499,3,548,125,44,53,1,1,1
4500,3,548,124,44,53,1,1,1
4501,3,548,123,44,53,1,1,1
4502,3,549,123,44,53,1,1,1
4503,3,549,122,44,53,1,1,1
4504,3,549,122,44,53,1,1,1
4505,3,549,122,44,53,1,1,1
4506,3,550,122,44,53,1,1,1
4507,3,550,122,44,53,1,1,1
4508,3,550,121,44,53,1,1,1
4509,3,551,121,44,53,1,1,1
4510,3,551,121,44,53,1,1,1
4511,3,551,121,44,53,1,1,1
4512,3,552,121,44,53,1,1,1
4513,3,552,120,44,53,1,1,1
4514,3,552,119,44,53,1,1,1
4515,3,552,119,44,53,1,1,1
4516,3,552,118,44,53,1,1,1
4517,3,552,118,44,53,1,1,1
4518,3,552,117,44,53,1,1,1
4519,3,552,116,44,53,1,1,1
4520,3,552,116,44,53,1,1,1
4521,3,552,115,44,53,1,1,1
4522,3,552,115,44,53,1,1,1
4523,3,551,114,44,53,1,1,1
4524,3,551,114,44,53,1,1,1
4525,3,550,114,44,53,1,1,1
4526,3,550,113,44,53,1,1,1
4527,3,550,113,44,53,1,1,1
4528,3,549,113,44,53,1,1,1
4529,3,549,112,44,53,1,1,1
4530,3,548,112,44,53,1,1,1
4531,3,548,112,44,53,1,1,1
4532,3,548,112,44,53,1,1,1
4533,3,548,111,44,53,1,1,1
4534,3,548,111,44,53,1,1,1
4535,3,548,111,44,53,1,1,1
4536,3,548,111,44,53,1,1,1
4537,3,548,111,44,53,1,1,1
4538,3,548,111,44,53,1,1,1
