00000001,-1,112,47,21,24,1,-1,-1,-1
00000001,-1,86,119,21,23,1,-1,-1,-1
00000001,-1,93,163,23,27,1,-1,-1,-1
00000001,-1,259,16,21,25,1,-1,-1,-1
00000001,-1,182,40,18,23,1,-1,-1,-1
00000001,-1,151,142,38,43,1,-1,-1,-1
00000001,-1,152,140,22,30,1,-1,-1,-1
00000001,-1,266,60,24,25,1,-1,-1,-1
00000001,-1,140,115,17,21,1,-1,-1,-1
00000001,-1,138,1,23,12,1,-1,-1,-1
00000002,-1,112,44,20,25,1,-1,-1,-1
00000002,-1,93,162,22,27,1,-1,-1,-1
00000002,-1,88,118,20,23,1,-1,-1,-1
00000002,-1,257,17,21,24,1,-1,-1,-1
00000002,-1,141,111,17,21,1,-1,-1,-1
00000002,-1,182,39,16,23,1,-1,-1,-1
00000002,-1,156,154,35,26,1,-1,-1,-1
00000003,-1,112,44,20,24,1,-1,-1,-1
00000003,-1,94,161,21,27,1,-1,-1,-1
00000003,-1,257,15,20,26,1,-1,-1,-1
00000003,-1,89,115,20,24,1,-1,-1,-1
00000003,-1,181,37,17,26,1,-1,-1,-1
00000003,-1,139,111,19,22,1,-1,-1,-1
00000003,-1,273,63,22,23,1,-1,-1,-1
00000003,-1,156,151,27,30,1,-1,-1,-1
00000004,-1,252,14,23,29,1,-1,-1,-1
00000004,-1,112,43,20,23,1,-1,-1,-1
00000004,-1,91,113,20,23,1,-1,-1,-1
00000004,-1,94,161,20,23,1,-1,-1,-1
00000004,-1,180,37,18,24,1,-1,-1,-1
00000004,-1,140,109,18,22,1,-1,-1,-1
00000004,-1,274,61,23,27,1,-1,-1,-1
00000004,-1,154,147,29,33,1,-1,-1,-1
00000004,-1,13,190,27,32,1,-1,-1,-1
00000004,-1,262,55,19,26,1,-1,-1,-1
00000005,-1,250,12,23,30,1,-1,-1,-1
00000005,-1,93,159,22,27,1,-1,-1,-1
00000005,-1,92,110,22,25,1,-1,-1,-1
00000005,-1,112,41,19,23,1,-1,-1,-1
00000005,-1,17,192,23,28,1,-1,-1,-1
00000005,-1,154,147,28,34,1,-1,-1,-1
00000005,-1,180,38,17,23,1,-1,-1,-1
00000005,-1,274,65,23,25,1,-1,-1,-1
00000005,-1,140,111,18,18,1,-1,-1,-1
00000006,-1,248,10,22,31,1,-1,-1,-1
00000006,-1,111,41,20,22,1,-1,-1,-1
00000006,-1,92,108,22,24,1,-1,-1,-1
00000006,-1,93,158,21,25,1,-1,-1,-1
00000006,-1,140,106,19,22,1,-1,-1,-1
00000006,-1,274,65,23,26,1,-1,-1,-1
00000006,-1,180,37,17,27,1,-1,-1,-1
00000006,-1,154,149,27,33,1,-1,-1,-1
00000006,-1,153,17,20,22,1,-1,-1,-1
00000007,-1,243,8,25,31,1,-1,-1,-1
00000007,-1,93,108,22,24,1,-1,-1,-1
00000007,-1,92,156,22,28,1,-1,-1,-1
00000007,-1,111,40,19,21,1,-1,-1,-1
00000007,-1,278,68,22,24,1,-1,-1,-1
00000007,-1,140,106,18,20,1,-1,-1,-1
00000007,-1,17,192,22,29,1,-1,-1,-1
00000007,-1,151,147,25,33,1,-1,-1,-1
00000007,-1,179,38,16,25,1,-1,-1,-1
00000007,-1,153,18,21,23,1,-1,-1,-1
00000008,-1,241,8,23,29,1,-1,-1,-1
00000008,-1,93,155,21,27,1,-1,-1,-1
00000008,-1,109,37,19,23,1,-1,-1,-1
00000008,-1,96,107,20,23,1,-1,-1,-1
00000008,-1,18,194,21,27,1,-1,-1,-1
00000008,-1,141,102,17,23,1,-1,-1,-1
00000008,-1,154,16,18,21,1,-1,-1,-1
00000008,-1,279,68,23,24,1,-1,-1,-1
00000008,-1,147,144,28,35,1,-1,-1,-1
00000008,-1,180,40,17,25,1,-1,-1,-1
00000009,-1,238,7,23,30,1,-1,-1,-1
00000009,-1,108,37,20,22,1,-1,-1,-1
00000009,-1,277,66,26,28,1,-1,-1,-1
00000009,-1,97,107,20,22,1,-1,-1,-1
00000009,-1,93,154,22,26,1,-1,-1,-1
00000009,-1,17,191,22,31,1,-1,-1,-1
00000009,-1,154,14,18,20,1,-1,-1,-1
00000009,-1,146,145,23,32,1,-1,-1,-1
00000009,-1,142,102,16,20,1,-1,-1,-1
00000010,-1,235,8,20,28,1,-1,-1,-1
00000010,-1,98,104,21,23,1,-1,-1,-1
00000010,-1,276,66,27,27,1,-1,-1,-1
00000010,-1,109,35,18,20,1,-1,-1,-1
00000010,-1,94,154,20,26,1,-1,-1,-1
00000010,-1,143,142,22,36,1,-1,-1,-1
00000010,-1,154,12,17,21,1,-1,-1,-1
00000010,-1,141,100,17,22,1,-1,-1,-1
00000011,-1,230,6,22,30,1,-1,-1,-1
00000011,-1,277,72,23,24,1,-1,-1,-1
00000011,-1,100,102,20,24,1,-1,-1,-1
00000011,-1,107,33,20,22,1,-1,-1,-1
00000011,-1,153,11,18,21,1,-1,-1,-1
00000011,-1,92,152,22,27,1,-1,-1,-1
00000011,-1,139,142,23,32,1,-1,-1,-1
00000011,-1,140,101,18,20,1,-1,-1,-1
00000011,-1,16,189,25,30,1,-1,-1,-1
00000012,-1,228,6,22,29,1,-1,-1,-1
00000012,-1,276,75,22,24,1,-1,-1,-1
00000012,-1,106,31,20,22,1,-1,-1,-1
00000012,-1,101,100,21,25,1,-1,-1,-1
00000012,-1,93,148,21,28,1,-1,-1,-1
00000012,-1,151,10,19,22,1,-1,-1,-1
00000012,-1,136,141,25,36,1,-1,-1,-1
00000013,-1,224,4,23,29,1,-1,-1,-1
00000013,-1,104,99,20,24,1,-1,-1,-1
00000013,-1,107,30,18,22,1,-1,-1,-1
00000013,-1,91,147,23,28,1,-1,-1,-1
00000013,-1,274,79,22,22,1,-1,-1,-1
00000013,-1,150,8,22,24,1,-1,-1,-1
00000013,-1,135,139,26,36,1,-1,-1,-1
00000014,-1,222,3,22,28,1,-1,-1,-1
00000014,-1,106,28,19,22,1,-1,-1,-1
00000014,-1,273,81,23,24,1,-1,-1,-1
00000014,-1,107,97,20,25,1,-1,-1,-1
00000014,-1,133,136,21,36,1,-1,-1,-1
00000014,-1,150,7,18,21,1,-1,-1,-1
00000014,-1,93,148,18,26,1,-1,-1,-1
00000015,-1,217,2,24,29,1,-1,-1,-1
00000015,-1,273,83,22,25,1,-1,-1,-1
00000015,-1,105,27,19,21,1,-1,-1,-1
00000015,-1,108,97,20,23,1,-1,-1,-1
00000015,-1,133,136,25,36,1,-1,-1,-1
00000015,-1,92,142,21,30,1,-1,-1,-1
00000015,-1,149,5,18,22,1,-1,-1,-1
00000016,-1,215,2,23,28,1,-1,-1,-1
00000016,-1,111,92,21,24,1,-1,-1,-1
00000016,-1,272,86,22,23,1,-1,-1,-1
00000016,-1,129,133,24,37,1,-1,-1,-1
00000016,-1,105,23,18,22,1,-1,-1,-1
00000016,-1,150,3,16,18,1,-1,-1,-1
00000016,-1,92,143,19,26,1,-1,-1,-1
00000017,-1,212,0,22,27,1,-1,-1,-1
00000017,-1,271,86,23,23,1,-1,-1,-1
00000017,-1,114,91,20,23,1,-1,-1,-1
00000017,-1,105,21,18,22,1,-1,-1,-1
00000017,-1,92,140,21,26,1,-1,-1,-1
00000017,-1,127,133,26,33,1,-1,-1,-1
00000017,-1,142,91,18,23,1,-1,-1,-1
00000018,-1,211,0,20,22,1,-1,-1,-1
00000018,-1,118,88,19,23,1,-1,-1,-1
00000018,-1,271,85,23,24,1,-1,-1,-1
00000018,-1,129,130,23,34,1,-1,-1,-1
00000018,-1,103,16,18,22,1,-1,-1,-1
00000018,-1,91,136,21,30,1,-1,-1,-1
00000018,-1,145,84,19,23,1,-1,-1,-1
00000019,-1,271,84,23,25,1,-1,-1,-1
00000019,-1,208,0,19,21,1,-1,-1,-1
00000019,-1,119,82,20,25,1,-1,-1,-1
00000019,-1,91,130,22,30,1,-1,-1,-1
00000019,-1,102,11,18,22,1,-1,-1,-1
00000019,-1,127,128,25,32,1,-1,-1,-1
00000019,-1,147,82,17,22,1,-1,-1,-1
00000019,-1,19,161,21,25,1,-1,-1,-1
00000020,-1,272,84,23,24,1,-1,-1,-1
00000020,-1,121,78,21,25,1,-1,-1,-1
00000020,-1,101,8,17,21,1,-1,-1,-1
00000020,-1,90,128,23,28,1,-1,-1,-1
00000020,-1,125,125,28,34,1,-1,-1,-1
00000020,-1,17,156,21,25,1,-1,-1,-1
00000020,-1,206,0,20,16,1,-1,-1,-1
00000020,-1,150,79,15,19,1,-1,-1,-1
00000021,-1,274,83,21,24,1,-1,-1,-1
00000021,-1,122,75,21,23,1,-1,-1,-1
00000021,-1,101,3,17,20,1,-1,-1,-1
00000021,-1,123,124,27,33,1,-1,-1,-1
00000021,-1,16,150,22,27,1,-1,-1,-1
00000021,-1,91,121,22,31,1,-1,-1,-1
00000021,-1,152,71,18,24,1,-1,-1,-1
00000022,-1,275,84,20,22,1,-1,-1,-1
00000022,-1,125,74,19,20,1,-1,-1,-1
00000022,-1,91,120,23,31,1,-1,-1,-1
00000022,-1,153,69,17,25,1,-1,-1,-1
00000022,-1,123,124,23,32,1,-1,-1,-1
00000022,-1,17,145,21,25,1,-1,-1,-1
00000023,-1,277,83,22,24,1,-1,-1,-1
00000023,-1,126,69,20,23,1,-1,-1,-1
00000023,-1,13,140,25,29,1,-1,-1,-1
00000023,-1,123,126,25,33,1,-1,-1,-1
00000023,-1,92,115,21,30,1,-1,-1,-1
00000023,-1,155,66,17,26,1,-1,-1,-1
00000023,-1,100,0,18,15,1,-1,-1,-1
00000024,-1,278,83,22,23,1,-1,-1,-1
00000024,-1,90,115,24,32,1,-1,-1,-1
00000024,-1,127,64,21,24,1,-1,-1,-1
00000024,-1,13,136,24,26,1,-1,-1,-1
00000024,-1,125,128,22,31,1,-1,-1,-1
00000024,-1,99,0,18,18,1,-1,-1,-1
00000025,-1,280,83,22,24,1,-1,-1,-1
00000025,-1,130,63,21,23,1,-1,-1,-1
00000025,-1,90,112,24,29,1,-1,-1,-1
00000025,-1,11,131,23,27,1,-1,-1,-1
00000026,-1,282,84,21,23,1,-1,-1,-1
00000026,-1,11,126,23,29,1,-1,-1,-1
00000026,-1,129,59,23,23,1,-1,-1,-1
00000026,-1,94,112,21,30,1,-1,-1,-1
00000026,-1,123,130,24,33,1,-1,-1,-1
00000027,-1,9,122,25,30,1,-1,-1,-1
00000027,-1,131,56,24,25,1,-1,-1,-1
00000027,-1,284,86,22,22,1,-1,-1,-1
00000027,-1,91,111,25,30,1,-1,-1,-1
00000027,-1,128,129,24,33,1,-1,-1,-1
00000028,-1,286,87,23,25,1,-1,-1,-1
00000028,-1,9,116,25,32,1,-1,-1,-1
00000028,-1,133,51,23,26,1,-1,-1,-1
00000028,-1,95,111,25,32,1,-1,-1,-1
00000029,-1,9,111,25,34,1,-1,-1,-1
00000029,-1,287,90,23,25,1,-1,-1,-1
00000029,-1,135,50,22,24,1,-1,-1,-1
00000029,-1,95,107,25,30,1,-1,-1,-1
00000030,-1,9,107,25,35,1,-1,-1,-1
00000030,-1,289,94,19,22,1,-1,-1,-1
00000030,-1,137,45,22,25,1,-1,-1,-1
00000030,-1,99,107,22,29,1,-1,-1,-1
00000030,-1,125,119,21,30,1,-1,-1,-1
00000031,-1,9,102,26,35,1,-1,-1,-1
00000031,-1,137,42,22,24,1,-1,-1,-1
00000031,-1,290,97,19,21,1,-1,-1,-1
00000031,-1,63,135,20,30,1,-1,-1,-1
00000032,-1,9,98,26,34,1,-1,-1,-1
00000032,-1,138,39,24,25,1,-1,-1,-1
00000032,-1,291,99,20,21,1,-1,-1,-1
00000032,-1,0,63,9,25,1,-1,-1,-1
00000033,-1,10,94,24,36,1,-1,-1,-1
00000033,-1,291,100,22,24,1,-1,-1,-1
00000033,-1,139,36,23,25,1,-1,-1,-1
00000033,-1,0,59,9,29,1,-1,-1,-1
00000034,-1,294,103,20,21,1,-1,-1,-1
00000034,-1,9,89,26,33,1,-1,-1,-1
00000034,-1,139,32,24,25,1,-1,-1,-1
00000034,-1,0,55,9,28,1,-1,-1,-1
00000035,-1,9,85,28,36,1,-1,-1,-1
00000035,-1,294,104,19,21,1,-1,-1,-1
00000035,-1,141,30,23,24,1,-1,-1,-1
00000035,-1,0,52,9,31,1,-1,-1,-1
00000036,-1,9,82,27,37,1,-1,-1,-1
00000036,-1,293,101,21,22,1,-1,-1,-1
00000036,-1,0,49,9,28,1,-1,-1,-1
00000036,-1,142,25,25,25,1,-1,-1,-1
00000036,-1,111,101,24,32,1,-1,-1,-1
00000036,-1,2,51,9,24,1,-1,-1,-1
00000036,-1,76,17,15,29,1,-1,-1,-1
00000037,-1,9,78,27,37,1,-1,-1,-1
00000037,-1,295,99,19,21,1,-1,-1,-1
00000037,-1,0,48,9,28,1,-1,-1,-1
00000037,-1,143,25,22,23,1,-1,-1,-1
00000037,-1,75,15,18,25,1,-1,-1,-1
00000037,-1,110,102,22,31,1,-1,-1,-1
00000037,-1,2,50,9,23,1,-1,-1,-1
00000038,-1,10,76,26,34,1,-1,-1,-1
00000038,-1,295,97,19,20,1,-1,-1,-1
00000038,-1,0,46,9,28,1,-1,-1,-1
00000038,-1,144,22,23,24,1,-1,-1,-1
00000038,-1,78,16,16,24,1,-1,-1,-1
00000038,-1,105,101,21,29,1,-1,-1,-1
00000038,-1,2,48,9,23,1,-1,-1,-1
00000039,-1,10,74,26,35,1,-1,-1,-1
00000039,-1,295,95,19,21,1,-1,-1,-1
00000039,-1,0,43,10,28,1,-1,-1,-1
00000039,-1,146,20,22,23,1,-1,-1,-1
00000039,-1,79,14,16,24,1,-1,-1,-1
00000039,-1,102,100,22,31,1,-1,-1,-1
00000040,-1,10,73,26,35,1,-1,-1,-1
00000040,-1,78,12,18,25,1,-1,-1,-1
00000040,-1,295,94,20,22,1,-1,-1,-1
00000040,-1,0,42,10,27,1,-1,-1,-1
00000040,-1,146,19,22,22,1,-1,-1,-1
00000041,-1,80,11,17,24,1,-1,-1,-1
00000041,-1,11,71,26,36,1,-1,-1,-1
00000041,-1,0,42,10,27,1,-1,-1,-1
00000041,-1,295,93,19,22,1,-1,-1,-1
00000041,-1,147,18,22,22,1,-1,-1,-1
00000042,-1,12,71,26,35,1,-1,-1,-1
00000042,-1,81,11,18,23,1,-1,-1,-1
00000042,-1,0,40,10,29,1,-1,-1,-1
00000042,-1,295,93,20,22,1,-1,-1,-1
00000042,-1,150,18,20,22,1,-1,-1,-1
00000043,-1,11,69,28,39,1,-1,-1,-1
00000043,-1,81,10,18,23,1,-1,-1,-1
00000043,-1,295,91,20,22,1,-1,-1,-1
00000043,-1,0,37,10,32,1,-1,-1,-1
00000043,-1,150,16,22,24,1,-1,-1,-1
00000044,-1,11,69,29,38,1,-1,-1,-1
00000044,-1,83,11,16,21,1,-1,-1,-1
00000044,-1,0,37,11,31,1,-1,-1,-1
00000044,-1,295,91,20,21,1,-1,-1,-1
00000044,-1,152,18,22,23,1,-1,-1,-1
00000045,-1,13,68,28,38,1,-1,-1,-1
00000045,-1,84,10,17,21,1,-1,-1,-1
00000045,-1,295,90,20,22,1,-1,-1,-1
00000045,-1,152,16,22,23,1,-1,-1,-1
00000045,-1,0,37,11,30,1,-1,-1,-1
00000045,-1,74,86,40,43,1,-1,-1,-1
00000046,-1,14,69,27,34,1,-1,-1,-1
00000046,-1,85,10,18,21,1,-1,-1,-1
00000046,-1,295,90,20,22,1,-1,-1,-1
00000046,-1,0,37,14,29,1,-1,-1,-1
00000046,-1,153,15,22,24,1,-1,-1,-1
00000046,-1,75,92,27,33,1,-1,-1,-1
00000046,-1,71,88,38,40,1,-1,-1,-1
00000046,-1,305,52,24,31,1,-1,-1,-1
00000047,-1,14,70,27,36,1,-1,-1,-1
00000047,-1,88,11,17,22,1,-1,-1,-1
00000047,-1,0,38,15,29,1,-1,-1,-1
00000047,-1,294,90,22,22,1,-1,-1,-1
00000047,-1,153,15,23,25,1,-1,-1,-1
00000047,-1,71,86,38,46,1,-1,-1,-1
00000047,-1,303,50,26,35,1,-1,-1,-1
00000047,-1,0,33,17,46,1,-1,-1,-1
00000048,-1,15,72,28,35,1,-1,-1,-1
00000048,-1,0,37,16,33,1,-1,-1,-1
00000048,-1,295,90,21,23,1,-1,-1,-1
00000048,-1,89,11,19,22,1,-1,-1,-1
00000048,-1,155,17,23,25,1,-1,-1,-1
00000048,-1,68,87,38,49,1,-1,-1,-1
00000049,-1,15,73,29,38,1,-1,-1,-1
00000049,-1,92,13,19,22,1,-1,-1,-1
00000049,-1,0,36,20,37,1,-1,-1,-1
00000049,-1,295,93,20,23,1,-1,-1,-1
00000049,-1,303,52,24,29,1,-1,-1,-1
00000049,-1,154,19,24,24,1,-1,-1,-1
00000049,-1,72,98,25,35,1,-1,-1,-1
00000049,-1,0,38,13,34,1,-1,-1,-1
00000049,-1,68,92,34,43,1,-1,-1,-1
00000050,-1,17,75,29,36,1,-1,-1,-1
00000050,-1,93,13,21,24,1,-1,-1,-1
00000050,-1,0,39,21,33,1,-1,-1,-1
00000050,-1,294,94,22,24,1,-1,-1,-1
00000050,-1,302,52,23,28,1,-1,-1,-1
00000050,-1,155,19,25,28,1,-1,-1,-1
00000050,-1,95,72,24,32,1,-1,-1,-1
00000050,-1,1,40,12,33,1,-1,-1,-1
00000050,-1,71,98,23,35,1,-1,-1,-1
00000051,-1,17,76,29,38,1,-1,-1,-1
00000051,-1,1,40,21,33,1,-1,-1,-1
00000051,-1,97,14,20,24,1,-1,-1,-1
00000051,-1,294,96,21,24,1,-1,-1,-1
00000051,-1,156,23,23,24,1,-1,-1,-1
00000051,-1,96,74,22,29,1,-1,-1,-1
00000051,-1,299,51,25,28,1,-1,-1,-1
00000051,-1,70,101,24,34,1,-1,-1,-1
00000051,-1,1,43,11,29,1,-1,-1,-1
00000052,-1,19,80,28,35,1,-1,-1,-1
00000052,-1,100,15,20,24,1,-1,-1,-1
00000052,-1,1,43,21,30,1,-1,-1,-1
00000052,-1,293,95,22,25,1,-1,-1,-1
00000052,-1,98,75,20,29,1,-1,-1,-1
00000052,-1,297,51,26,29,1,-1,-1,-1
00000052,-1,154,25,25,26,1,-1,-1,-1
00000053,-1,20,80,29,39,1,-1,-1,-1
00000053,-1,4,45,20,28,1,-1,-1,-1
00000053,-1,103,16,18,24,1,-1,-1,-1
00000053,-1,294,97,22,25,1,-1,-1,-1
00000053,-1,298,50,24,29,1,-1,-1,-1
00000053,-1,155,26,24,26,1,-1,-1,-1
00000053,-1,98,76,20,29,1,-1,-1,-1
00000053,-1,68,105,25,35,1,-1,-1,-1
00000054,-1,105,17,20,24,1,-1,-1,-1
00000054,-1,22,83,28,36,1,-1,-1,-1
00000054,-1,295,101,21,24,1,-1,-1,-1
00000054,-1,5,46,20,31,1,-1,-1,-1
00000054,-1,156,29,25,27,1,-1,-1,-1
00000054,-1,98,77,21,33,1,-1,-1,-1
00000054,-1,297,53,25,25,1,-1,-1,-1
00000055,-1,22,87,28,37,1,-1,-1,-1
00000055,-1,107,20,20,23,1,-1,-1,-1
00000055,-1,295,103,21,24,1,-1,-1,-1
00000055,-1,6,50,20,28,1,-1,-1,-1
00000055,-1,100,78,20,31,1,-1,-1,-1
00000055,-1,155,33,26,29,1,-1,-1,-1
00000055,-1,294,55,24,26,1,-1,-1,-1
00000056,-1,23,90,28,37,1,-1,-1,-1
00000056,-1,9,52,19,27,1,-1,-1,-1
00000056,-1,109,23,19,24,1,-1,-1,-1
00000056,-1,295,107,22,24,1,-1,-1,-1
00000056,-1,100,78,22,28,1,-1,-1,-1
00000056,-1,155,36,28,30,1,-1,-1,-1
00000057,-1,23,93,28,38,1,-1,-1,-1
00000057,-1,110,26,20,24,1,-1,-1,-1
00000057,-1,298,110,22,25,1,-1,-1,-1
00000057,-1,7,53,21,30,1,-1,-1,-1
00000057,-1,155,42,28,30,1,-1,-1,-1
00000057,-1,101,82,20,28,1,-1,-1,-1
00000058,-1,26,96,28,38,1,-1,-1,-1
00000058,-1,299,113,22,24,1,-1,-1,-1
00000058,-1,113,28,20,24,1,-1,-1,-1
00000058,-1,11,55,19,32,1,-1,-1,-1
00000058,-1,158,50,23,26,1,-1,-1,-1
00000058,-1,98,84,21,29,1,-1,-1,-1
00000059,-1,27,98,27,41,1,-1,-1,-1
00000059,-1,115,30,20,25,1,-1,-1,-1
00000059,-1,301,115,22,25,1,-1,-1,-1
00000059,-1,14,59,18,28,1,-1,-1,-1
00000059,-1,158,56,24,25,1,-1,-1,-1
00000059,-1,100,86,22,32,1,-1,-1,-1
00000059,-1,221,1,15,15,1,-1,-1,-1
00000059,-1,64,134,35,51,1,-1,-1,-1
00000060,-1,28,101,27,39,1,-1,-1,-1
00000060,-1,116,33,20,22,1,-1,-1,-1
00000060,-1,14,61,21,29,1,-1,-1,-1
00000060,-1,304,118,21,24,1,-1,-1,-1
00000060,-1,160,61,25,26,1,-1,-1,-1
00000060,-1,65,142,35,50,1,-1,-1,-1
00000060,-1,123,152,23,36,1,-1,-1,-1
00000061,-1,28,102,28,38,1,-1,-1,-1
00000061,-1,118,34,20,23,1,-1,-1,-1
00000061,-1,307,120,20,22,1,-1,-1,-1
00000061,-1,17,63,18,28,1,-1,-1,-1
00000061,-1,161,65,24,26,1,-1,-1,-1
00000062,-1,29,103,30,39,1,-1,-1,-1
00000062,-1,121,36,19,24,1,-1,-1,-1
00000062,-1,19,63,19,28,1,-1,-1,-1
00000062,-1,308,121,21,24,1,-1,-1,-1
00000062,-1,163,69,22,27,1,-1,-1,-1
00000063,-1,30,104,30,39,1,-1,-1,-1
00000063,-1,123,37,19,25,1,-1,-1,-1
00000063,-1,164,72,22,26,1,-1,-1,-1
00000063,-1,311,122,19,23,1,-1,-1,-1
00000063,-1,19,65,20,30,1,-1,-1,-1
00000063,-1,68,157,24,38,1,-1,-1,-1
00000064,-1,33,106,28,38,1,-1,-1,-1
00000064,-1,123,39,21,24,1,-1,-1,-1
00000064,-1,311,122,22,24,1,-1,-1,-1
00000064,-1,24,67,18,24,1,-1,-1,-1
00000064,-1,165,72,22,27,1,-1,-1,-1
00000065,-1,34,104,27,41,1,-1,-1,-1
00000065,-1,126,43,19,22,1,-1,-1,-1
00000065,-1,26,68,18,24,1,-1,-1,-1
00000065,-1,313,122,21,23,1,-1,-1,-1
00000065,-1,166,72,21,24,1,-1,-1,-1
00000065,-1,64,156,21,30,1,-1,-1,-1
00000066,-1,34,106,29,38,1,-1,-1,-1
00000066,-1,127,47,19,22,1,-1,-1,-1
00000066,-1,27,66,21,27,1,-1,-1,-1
00000066,-1,314,122,21,23,1,-1,-1,-1
00000066,-1,169,71,22,27,1,-1,-1,-1
00000066,-1,63,154,23,32,1,-1,-1,-1
00000067,-1,36,107,28,37,1,-1,-1,-1
00000067,-1,28,67,21,26,1,-1,-1,-1
00000067,-1,129,50,19,23,1,-1,-1,-1
00000067,-1,315,123,20,22,1,-1,-1,-1
00000067,-1,168,68,24,29,1,-1,-1,-1
00000067,-1,63,153,23,33,1,-1,-1,-1
00000068,-1,37,108,27,36,1,-1,-1,-1
00000068,-1,129,52,20,24,1,-1,-1,-1
00000068,-1,30,67,21,29,1,-1,-1,-1
00000068,-1,315,123,20,22,1,-1,-1,-1
00000068,-1,168,67,24,27,1,-1,-1,-1
00000068,-1,62,154,24,34,1,-1,-1,-1
00000068,-1,285,81,22,23,1,-1,-1,-1
00000068,-1,147,0,21,14,1,-1,-1,-1
00000069,-1,37,109,28,36,1,-1,-1,-1
00000069,-1,30,66,22,30,1,-1,-1,-1
00000069,-1,129,55,20,23,1,-1,-1,-1
00000069,-1,314,123,20,23,1,-1,-1,-1
00000069,-1,171,66,22,27,1,-1,-1,-1
00000069,-1,60,156,24,33,1,-1,-1,-1
00000069,-1,285,81,22,24,1,-1,-1,-1
00000070,-1,37,109,27,36,1,-1,-1,-1
00000070,-1,31,67,22,31,1,-1,-1,-1
00000070,-1,129,58,21,24,1,-1,-1,-1
00000070,-1,313,124,21,23,1,-1,-1,-1
00000070,-1,171,66,23,28,1,-1,-1,-1
00000070,-1,56,157,22,30,1,-1,-1,-1
00000070,-1,284,82,23,22,1,-1,-1,-1
00000071,-1,37,109,27,37,1,-1,-1,-1
00000071,-1,31,68,22,30,1,-1,-1,-1
00000071,-1,129,60,19,24,1,-1,-1,-1
00000071,-1,171,65,23,31,1,-1,-1,-1
00000071,-1,312,125,20,21,1,-1,-1,-1
00000071,-1,53,156,23,31,1,-1,-1,-1
00000072,-1,127,61,20,23,1,-1,-1,-1
00000072,-1,37,110,26,34,1,-1,-1,-1
00000072,-1,31,67,22,31,1,-1,-1,-1
00000072,-1,172,65,22,31,1,-1,-1,-1
00000072,-1,312,125,18,21,1,-1,-1,-1
00000072,-1,48,156,24,33,1,-1,-1,-1
00000073,-1,127,63,19,21,1,-1,-1,-1
00000073,-1,36,109,27,35,1,-1,-1,-1
00000073,-1,31,67,22,31,1,-1,-1,-1
00000073,-1,311,126,18,22,1,-1,-1,-1
00000073,-1,172,64,23,36,1,-1,-1,-1
00000073,-1,281,83,20,20,1,-1,-1,-1
00000074,-1,125,62,20,23,1,-1,-1,-1
00000074,-1,30,66,23,32,1,-1,-1,-1
00000074,-1,36,109,27,33,1,-1,-1,-1
00000074,-1,310,125,19,23,1,-1,-1,-1
00000074,-1,281,83,21,21,1,-1,-1,-1
00000074,-1,39,155,25,31,1,-1,-1,-1
00000074,-1,82,140,23,34,1,-1,-1,-1
00000075,-1,123,61,21,25,1,-1,-1,-1
00000075,-1,30,67,23,31,1,-1,-1,-1
00000075,-1,36,108,27,33,1,-1,-1,-1
00000075,-1,310,125,19,22,1,-1,-1,-1
00000075,-1,279,79,22,24,1,-1,-1,-1
00000075,-1,171,66,22,32,1,-1,-1,-1
00000075,-1,34,155,24,31,1,-1,-1,-1
00000075,-1,174,96,19,21,1,-1,-1,-1
00000076,-1,29,66,24,32,1,-1,-1,-1
00000076,-1,123,62,20,24,1,-1,-1,-1
00000076,-1,36,108,27,32,1,-1,-1,-1
00000076,-1,310,125,19,23,1,-1,-1,-1
00000076,-1,172,99,20,22,1,-1,-1,-1
00000076,-1,170,67,21,31,1,-1,-1,-1
00000076,-1,30,156,22,31,1,-1,-1,-1
00000076,-1,278,77,22,25,1,-1,-1,-1
00000077,-1,29,67,24,31,1,-1,-1,-1
00000077,-1,122,61,21,24,1,-1,-1,-1
00000077,-1,36,108,26,33,1,-1,-1,-1
00000077,-1,310,126,19,21,1,-1,-1,-1
00000077,-1,171,102,20,23,1,-1,-1,-1
00000077,-1,278,78,22,25,1,-1,-1,-1
00000077,-1,170,67,21,32,1,-1,-1,-1
00000077,-1,27,155,24,32,1,-1,-1,-1
00000078,-1,29,66,24,31,1,-1,-1,-1
00000078,-1,122,61,20,24,1,-1,-1,-1
00000078,-1,36,107,26,33,1,-1,-1,-1
00000078,-1,310,125,21,23,1,-1,-1,-1
00000078,-1,167,69,20,28,1,-1,-1,-1
00000078,-1,171,102,20,22,1,-1,-1,-1
00000078,-1,25,158,21,32,1,-1,-1,-1
00000079,-1,28,66,25,30,1,-1,-1,-1
00000079,-1,121,60,21,24,1,-1,-1,-1
00000079,-1,35,106,26,37,1,-1,-1,-1
00000079,-1,311,125,20,23,1,-1,-1,-1
00000079,-1,165,68,21,28,1,-1,-1,-1
00000079,-1,171,99,21,23,1,-1,-1,-1
00000079,-1,23,157,22,30,1,-1,-1,-1
00000080,-1,28,67,24,30,1,-1,-1,-1
00000080,-1,120,59,22,25,1,-1,-1,-1
00000080,-1,34,106,27,39,1,-1,-1,-1
00000080,-1,311,125,20,23,1,-1,-1,-1
00000080,-1,163,70,22,28,1,-1,-1,-1
00000080,-1,18,158,22,32,1,-1,-1,-1
00000081,-1,33,106,27,37,1,-1,-1,-1
00000081,-1,27,67,25,30,1,-1,-1,-1
00000081,-1,312,125,21,24,1,-1,-1,-1
00000081,-1,120,59,22,25,1,-1,-1,-1
00000081,-1,161,72,18,22,1,-1,-1,-1
00000081,-1,16,159,23,31,1,-1,-1,-1
00000082,-1,33,107,27,36,1,-1,-1,-1
00000082,-1,27,66,25,30,1,-1,-1,-1
00000082,-1,120,60,20,23,1,-1,-1,-1
00000082,-1,314,125,20,23,1,-1,-1,-1
00000082,-1,158,71,21,27,1,-1,-1,-1
00000082,-1,173,94,21,25,1,-1,-1,-1
00000083,-1,28,66,24,28,1,-1,-1,-1
00000083,-1,32,106,26,35,1,-1,-1,-1
00000083,-1,119,59,20,23,1,-1,-1,-1
00000083,-1,314,125,21,23,1,-1,-1,-1
00000083,-1,156,71,22,29,1,-1,-1,-1
00000083,-1,12,163,27,31,1,-1,-1,-1
00000084,-1,32,105,27,36,1,-1,-1,-1
00000084,-1,27,65,25,30,1,-1,-1,-1
00000084,-1,119,58,20,25,1,-1,-1,-1
00000084,-1,315,125,20,22,1,-1,-1,-1
00000084,-1,153,74,19,23,1,-1,-1,-1
00000084,-1,197,1,17,15,1,-1,-1,-1
00000085,-1,31,105,28,36,1,-1,-1,-1
00000085,-1,28,65,25,29,1,-1,-1,-1
00000085,-1,118,58,19,24,1,-1,-1,-1
00000085,-1,315,124,21,22,1,-1,-1,-1
00000085,-1,151,75,19,26,1,-1,-1,-1
00000086,-1,28,64,25,30,1,-1,-1,-1
00000086,-1,31,103,27,36,1,-1,-1,-1
00000086,-1,118,57,18,24,1,-1,-1,-1
00000086,-1,316,123,20,22,1,-1,-1,-1
00000086,-1,148,78,17,24,1,-1,-1,-1
00000087,-1,27,64,26,30,1,-1,-1,-1
00000087,-1,30,103,26,34,1,-1,-1,-1
00000087,-1,316,123,20,22,1,-1,-1,-1
00000087,-1,116,55,16,25,1,-1,-1,-1
00000087,-1,144,78,19,24,1,-1,-1,-1
00000088,-1,27,64,26,31,1,-1,-1,-1
00000088,-1,30,102,27,34,1,-1,-1,-1
00000088,-1,316,124,20,21,1,-1,-1,-1
00000088,-1,118,53,17,27,1,-1,-1,-1
00000088,-1,142,79,18,27,1,-1,-1,-1
00000089,-1,29,64,24,30,1,-1,-1,-1
00000089,-1,31,101,25,34,1,-1,-1,-1
00000089,-1,317,124,19,20,1,-1,-1,-1
00000089,-1,189,79,18,21,1,-1,-1,-1
00000089,-1,139,79,19,29,1,-1,-1,-1
00000090,-1,28,63,26,32,1,-1,-1,-1
00000090,-1,30,101,25,33,1,-1,-1,-1
00000090,-1,317,124,19,21,1,-1,-1,-1
00000090,-1,193,82,19,22,1,-1,-1,-1
00000090,-1,84,129,31,62,1,-1,-1,-1
00000091,-1,29,63,25,32,1,-1,-1,-1
00000091,-1,29,100,26,34,1,-1,-1,-1
00000091,-1,317,124,19,20,1,-1,-1,-1
00000091,-1,192,82,19,23,1,-1,-1,-1
00000092,-1,28,63,26,32,1,-1,-1,-1
00000092,-1,190,83,22,23,1,-1,-1,-1
00000092,-1,29,101,26,32,1,-1,-1,-1
00000092,-1,316,123,20,21,1,-1,-1,-1
00000092,-1,194,1,18,16,1,-1,-1,-1
00000093,-1,30,63,24,32,1,-1,-1,-1
00000093,-1,191,82,22,25,1,-1,-1,-1
00000093,-1,29,101,25,33,1,-1,-1,-1
00000093,-1,317,122,19,22,1,-1,-1,-1
00000094,-1,31,62,23,32,1,-1,-1,-1
00000094,-1,193,84,22,24,1,-1,-1,-1
00000094,-1,29,100,26,34,1,-1,-1,-1
00000094,-1,316,122,20,22,1,-1,-1,-1
00000095,-1,31,63,23,30,1,-1,-1,-1
00000095,-1,194,82,22,26,1,-1,-1,-1
00000095,-1,28,100,27,34,1,-1,-1,-1
00000095,-1,316,122,20,22,1,-1,-1,-1
00000096,-1,31,63,23,31,1,-1,-1,-1
00000096,-1,195,83,21,25,1,-1,-1,-1
00000096,-1,29,100,24,35,1,-1,-1,-1
00000096,-1,316,123,20,21,1,-1,-1,-1
00000097,-1,197,83,20,25,1,-1,-1,-1
00000097,-1,32,61,23,33,1,-1,-1,-1
00000097,-1,30,101,23,34,1,-1,-1,-1
00000097,-1,316,123,20,22,1,-1,-1,-1
00000098,-1,31,62,24,32,1,-1,-1,-1
00000098,-1,197,81,22,26,1,-1,-1,-1
00000098,-1,29,102,25,33,1,-1,-1,-1
00000098,-1,316,126,20,21,1,-1,-1,-1
00000099,-1,33,62,23,30,1,-1,-1,-1
00000099,-1,198,82,22,25,1,-1,-1,-1
00000099,-1,29,101,25,35,1,-1,-1,-1
00000099,-1,316,127,21,23,1,-1,-1,-1
00000100,-1,32,61,25,31,1,-1,-1,-1
00000100,-1,29,101,26,34,1,-1,-1,-1
00000100,-1,199,81,22,25,1,-1,-1,-1
00000100,-1,317,129,20,22,1,-1,-1,-1
00000101,-1,32,61,25,32,1,-1,-1,-1
00000101,-1,200,83,21,24,1,-1,-1,-1
00000101,-1,318,132,20,22,1,-1,-1,-1
00000101,-1,31,101,24,35,1,-1,-1,-1
00000102,-1,34,60,24,31,1,-1,-1,-1
00000102,-1,31,102,25,32,1,-1,-1,-1
00000102,-1,199,80,24,27,1,-1,-1,-1
00000102,-1,320,134,19,21,1,-1,-1,-1
00000102,-1,133,79,21,28,1,-1,-1,-1
00000103,-1,34,59,25,32,1,-1,-1,-1
00000103,-1,31,102,27,33,1,-1,-1,-1
00000103,-1,320,135,21,23,1,-1,-1,-1
00000103,-1,199,78,24,26,1,-1,-1,-1
00000104,-1,36,59,24,32,1,-1,-1,-1
00000104,-1,31,101,29,35,1,-1,-1,-1
00000104,-1,321,139,20,22,1,-1,-1,-1
00000104,-1,200,79,23,25,1,-1,-1,-1
00000105,-1,32,101,29,35,1,-1,-1,-1
00000105,-1,37,58,23,32,1,-1,-1,-1
00000105,-1,321,141,22,24,1,-1,-1,-1
00000105,-1,203,79,22,24,1,-1,-1,-1
00000106,-1,37,58,24,32,1,-1,-1,-1
00000106,-1,34,101,28,36,1,-1,-1,-1
00000106,-1,204,79,22,24,1,-1,-1,-1
00000106,-1,321,142,23,27,1,-1,-1,-1
00000107,-1,38,57,23,32,1,-1,-1,-1
00000107,-1,324,146,21,25,1,-1,-1,-1
00000107,-1,37,102,25,34,1,-1,-1,-1
00000107,-1,207,79,20,25,1,-1,-1,-1
00000108,-1,39,58,23,32,1,-1,-1,-1
00000108,-1,37,103,26,34,1,-1,-1,-1
00000108,-1,324,146,21,24,1,-1,-1,-1
00000108,-1,206,76,20,25,1,-1,-1,-1
00000109,-1,38,104,26,33,1,-1,-1,-1
00000109,-1,39,58,22,31,1,-1,-1,-1
00000109,-1,324,146,21,24,1,-1,-1,-1
00000109,-1,362,43,18,25,1,-1,-1,-1
00000109,-1,143,154,23,27,1,-1,-1,-1
00000109,-1,204,76,17,21,1,-1,-1,-1
00000110,-1,39,103,27,33,1,-1,-1,-1
00000110,-1,39,58,23,32,1,-1,-1,-1
00000110,-1,326,146,19,24,1,-1,-1,-1
00000111,-1,40,104,26,35,1,-1,-1,-1
00000111,-1,40,58,22,32,1,-1,-1,-1
00000111,-1,325,145,21,24,1,-1,-1,-1
00000111,-1,133,87,17,22,1,-1,-1,-1
00000112,-1,40,58,23,32,1,-1,-1,-1
00000112,-1,41,105,26,36,1,-1,-1,-1
00000112,-1,325,144,20,22,1,-1,-1,-1
00000112,-1,207,76,18,23,1,-1,-1,-1
00000113,-1,40,58,24,32,1,-1,-1,-1
00000113,-1,325,143,21,24,1,-1,-1,-1
00000113,-1,41,105,26,37,1,-1,-1,-1
00000113,-1,206,74,20,23,1,-1,-1,-1
00000113,-1,131,89,18,21,1,-1,-1,-1
00000114,-1,42,58,23,33,1,-1,-1,-1
00000114,-1,324,142,22,25,1,-1,-1,-1
00000114,-1,43,108,22,33,1,-1,-1,-1
00000114,-1,207,76,19,22,1,-1,-1,-1
00000114,-1,128,91,16,20,1,-1,-1,-1
00000115,-1,43,58,23,32,1,-1,-1,-1
00000115,-1,324,142,23,26,1,-1,-1,-1
00000115,-1,127,89,18,23,1,-1,-1,-1
00000116,-1,45,58,22,33,1,-1,-1,-1
00000116,-1,325,143,21,24,1,-1,-1,-1
00000116,-1,126,90,18,24,1,-1,-1,-1
00000117,-1,45,58,23,34,1,-1,-1,-1
00000117,-1,325,143,20,24,1,-1,-1,-1
00000117,-1,127,92,18,25,1,-1,-1,-1
00000118,-1,46,58,24,32,1,-1,-1,-1
00000118,-1,324,142,21,24,1,-1,-1,-1
00000119,-1,49,58,23,31,1,-1,-1,-1
00000119,-1,323,143,21,24,1,-1,-1,-1
00000120,-1,51,58,23,31,1,-1,-1,-1
00000120,-1,321,142,22,25,1,-1,-1,-1
00000120,-1,121,93,19,27,1,-1,-1,-1
00000120,-1,278,41,24,26,1,-1,-1,-1
00000120,-1,201,75,16,22,1,-1,-1,-1
00000121,-1,53,57,23,32,1,-1,-1,-1
00000121,-1,320,141,23,25,1,-1,-1,-1
00000121,-1,201,77,17,23,1,-1,-1,-1
00000121,-1,278,36,23,25,1,-1,-1,-1
00000122,-1,56,57,24,31,1,-1,-1,-1
00000122,-1,318,140,24,26,1,-1,-1,-1
00000122,-1,196,78,18,25,1,-1,-1,-1
00000122,-1,275,36,23,27,1,-1,-1,-1
00000123,-1,318,142,22,24,1,-1,-1,-1
00000123,-1,58,59,24,30,1,-1,-1,-1
00000123,-1,193,78,19,27,1,-1,-1,-1
00000123,-1,274,34,24,28,1,-1,-1,-1
00000124,-1,60,60,24,31,1,-1,-1,-1
00000124,-1,317,143,22,23,1,-1,-1,-1
00000124,-1,191,79,21,26,1,-1,-1,-1
00000124,-1,271,33,24,24,1,-1,-1,-1
00000125,-1,65,61,22,29,1,-1,-1,-1
00000125,-1,316,142,22,24,1,-1,-1,-1
00000125,-1,190,81,21,26,1,-1,-1,-1
00000125,-1,270,29,24,28,1,-1,-1,-1
00000126,-1,68,62,22,30,1,-1,-1,-1
00000126,-1,314,142,23,25,1,-1,-1,-1
00000126,-1,190,82,21,25,1,-1,-1,-1
00000126,-1,265,28,26,27,1,-1,-1,-1
00000126,-1,92,55,20,26,1,-1,-1,-1
00000127,-1,71,63,21,29,1,-1,-1,-1
00000127,-1,190,83,21,26,1,-1,-1,-1
00000127,-1,315,144,21,24,1,-1,-1,-1
00000127,-1,264,28,26,28,1,-1,-1,-1
00000128,-1,190,82,22,28,1,-1,-1,-1
00000128,-1,72,63,23,31,1,-1,-1,-1
00000128,-1,316,145,19,23,1,-1,-1,-1
00000128,-1,262,29,27,27,1,-1,-1,-1
00000128,-1,52,126,30,29,1,-1,-1,-1
00000129,-1,312,145,22,25,1,-1,-1,-1
00000129,-1,191,84,21,26,1,-1,-1,-1
00000129,-1,74,65,23,29,1,-1,-1,-1
00000129,-1,261,29,26,27,1,-1,-1,-1
00000129,-1,117,100,21,29,1,-1,-1,-1
00000130,-1,313,146,22,25,1,-1,-1,-1
00000130,-1,192,85,22,25,1,-1,-1,-1
00000130,-1,78,65,22,33,1,-1,-1,-1
00000130,-1,258,30,26,26,1,-1,-1,-1
00000130,-1,118,103,19,25,1,-1,-1,-1
00000131,-1,311,147,23,25,1,-1,-1,-1
00000131,-1,194,87,21,26,1,-1,-1,-1
00000131,-1,80,66,20,31,1,-1,-1,-1
00000131,-1,256,31,29,29,1,-1,-1,-1
00000131,-1,120,104,18,23,1,-1,-1,-1
00000132,-1,312,149,21,22,1,-1,-1,-1
00000132,-1,196,90,21,24,1,-1,-1,-1
00000132,-1,257,34,26,28,1,-1,-1,-1
00000132,-1,83,65,21,33,1,-1,-1,-1
00000132,-1,120,105,17,21,1,-1,-1,-1
00000133,-1,312,149,22,26,1,-1,-1,-1
00000133,-1,198,90,22,25,1,-1,-1,-1
00000133,-1,256,36,27,28,1,-1,-1,-1
00000133,-1,120,105,18,23,1,-1,-1,-1
00000133,-1,85,68,17,28,1,-1,-1,-1
00000134,-1,199,90,23,27,1,-1,-1,-1
00000134,-1,313,152,21,25,1,-1,-1,-1
00000134,-1,255,42,25,28,1,-1,-1,-1
00000134,-1,119,104,20,27,1,-1,-1,-1
00000134,-1,86,67,19,32,1,-1,-1,-1
00000135,-1,312,152,22,25,1,-1,-1,-1
00000135,-1,203,91,22,26,1,-1,-1,-1
00000135,-1,120,106,20,27,1,-1,-1,-1
00000135,-1,252,45,26,29,1,-1,-1,-1
00000135,-1,89,65,21,32,1,-1,-1,-1
00000136,-1,313,152,22,25,1,-1,-1,-1
00000136,-1,207,93,21,24,1,-1,-1,-1
00000136,-1,251,48,27,30,1,-1,-1,-1
00000136,-1,92,70,19,28,1,-1,-1,-1
00000136,-1,120,107,19,27,1,-1,-1,-1
00000137,-1,314,154,21,25,1,-1,-1,-1
00000137,-1,212,96,20,21,1,-1,-1,-1
00000137,-1,95,68,19,27,1,-1,-1,-1
00000137,-1,250,51,27,29,1,-1,-1,-1
00000138,-1,314,155,21,25,1,-1,-1,-1
00000138,-1,215,97,19,20,1,-1,-1,-1
00000138,-1,96,70,22,29,1,-1,-1,-1
00000138,-1,250,50,27,29,1,-1,-1,-1
00000138,-1,57,138,20,31,1,-1,-1,-1
00000139,-1,315,156,20,25,1,-1,-1,-1
00000139,-1,219,96,19,21,1,-1,-1,-1
00000139,-1,99,68,19,29,1,-1,-1,-1
00000139,-1,249,53,27,28,1,-1,-1,-1
00000139,-1,59,140,17,28,1,-1,-1,-1
00000139,-1,120,109,20,27,1,-1,-1,-1
00000140,-1,315,158,22,26,1,-1,-1,-1
00000140,-1,219,93,21,25,1,-1,-1,-1
00000140,-1,99,68,21,30,1,-1,-1,-1
00000140,-1,58,142,18,27,1,-1,-1,-1
00000140,-1,249,54,26,27,1,-1,-1,-1
00000140,-1,122,108,20,25,1,-1,-1,-1
00000141,-1,317,158,20,26,1,-1,-1,-1
00000141,-1,223,95,19,23,1,-1,-1,-1
00000141,-1,250,53,27,28,1,-1,-1,-1
00000141,-1,58,143,21,29,1,-1,-1,-1
00000141,-1,97,69,22,31,1,-1,-1,-1
00000141,-1,123,106,20,29,1,-1,-1,-1
00000142,-1,226,96,20,23,1,-1,-1,-1
00000142,-1,96,72,22,29,1,-1,-1,-1
00000142,-1,317,158,21,27,1,-1,-1,-1
00000142,-1,124,106,20,28,1,-1,-1,-1
00000142,-1,113,63,19,26,1,-1,-1,-1
00000142,-1,58,145,20,29,1,-1,-1,-1
00000142,-1,249,54,32,25,1,-1,-1,-1
00000143,-1,96,73,21,26,1,-1,-1,-1
00000143,-1,318,159,21,25,1,-1,-1,-1
00000143,-1,227,95,20,23,1,-1,-1,-1
00000143,-1,126,103,21,30,1,-1,-1,-1
00000143,-1,59,147,19,29,1,-1,-1,-1
00000143,-1,116,63,18,22,1,-1,-1,-1
00000143,-1,256,53,25,28,1,-1,-1,-1
00000144,-1,94,72,25,30,1,-1,-1,-1
00000144,-1,318,159,21,26,1,-1,-1,-1
00000144,-1,228,94,20,24,1,-1,-1,-1
00000144,-1,258,54,23,28,1,-1,-1,-1
00000144,-1,120,61,18,26,1,-1,-1,-1
00000144,-1,125,101,21,32,1,-1,-1,-1
00000144,-1,67,118,27,28,1,-1,-1,-1
00000144,-1,59,154,20,25,1,-1,-1,-1
00000145,-1,94,72,24,29,1,-1,-1,-1
00000145,-1,318,159,23,27,1,-1,-1,-1
00000145,-1,229,94,20,24,1,-1,-1,-1
00000145,-1,125,101,23,32,1,-1,-1,-1
00000145,-1,67,116,23,26,1,-1,-1,-1
00000145,-1,123,58,21,26,1,-1,-1,-1
00000145,-1,260,52,24,30,1,-1,-1,-1
00000146,-1,319,159,23,29,1,-1,-1,-1
00000146,-1,92,70,23,31,1,-1,-1,-1
00000146,-1,66,115,24,28,1,-1,-1,-1
00000146,-1,229,95,20,23,1,-1,-1,-1
00000146,-1,126,60,18,25,1,-1,-1,-1
00000146,-1,125,100,23,32,1,-1,-1,-1
00000147,-1,88,69,25,32,1,-1,-1,-1
00000147,-1,66,114,23,31,1,-1,-1,-1
00000147,-1,320,159,22,28,1,-1,-1,-1
00000147,-1,231,95,19,23,1,-1,-1,-1
00000147,-1,56,166,22,28,1,-1,-1,-1
00000147,-1,248,0,24,14,1,-1,-1,-1
00000147,-1,129,63,18,20,1,-1,-1,-1
00000148,-1,64,113,24,32,1,-1,-1,-1
00000148,-1,85,68,25,34,1,-1,-1,-1
00000148,-1,134,57,20,26,1,-1,-1,-1
00000148,-1,230,94,20,23,1,-1,-1,-1
00000148,-1,322,160,23,30,1,-1,-1,-1
00000148,-1,248,0,20,19,1,-1,-1,-1
00000148,-1,127,99,24,31,1,-1,-1,-1
00000148,-1,54,167,24,32,1,-1,-1,-1
00000149,-1,82,67,26,34,1,-1,-1,-1
00000149,-1,62,111,25,32,1,-1,-1,-1
00000149,-1,244,0,22,23,1,-1,-1,-1
00000149,-1,138,58,19,25,1,-1,-1,-1
00000149,-1,321,159,23,28,1,-1,-1,-1
00000149,-1,229,95,19,22,1,-1,-1,-1
00000149,-1,268,54,20,26,1,-1,-1,-1
00000149,-1,53,169,20,33,1,-1,-1,-1
00000150,-1,78,67,27,34,1,-1,-1,-1
00000150,-1,141,58,20,24,1,-1,-1,-1
00000150,-1,60,110,25,32,1,-1,-1,-1
00000150,-1,240,0,22,25,1,-1,-1,-1
00000150,-1,322,158,20,29,1,-1,-1,-1
00000150,-1,227,94,20,22,1,-1,-1,-1
00000150,-1,52,172,24,32,1,-1,-1,-1
00000150,-1,267,54,21,29,1,-1,-1,-1
00000151,-1,76,67,25,31,1,-1,-1,-1
00000151,-1,145,56,21,25,1,-1,-1,-1
00000151,-1,236,0,22,26,1,-1,-1,-1
00000151,-1,321,162,22,26,1,-1,-1,-1
00000151,-1,224,90,22,26,1,-1,-1,-1
00000151,-1,58,109,26,32,1,-1,-1,-1
00000151,-1,51,174,22,30,1,-1,-1,-1
00000151,-1,89,141,23,31,1,-1,-1,-1
00000152,-1,72,66,27,34,1,-1,-1,-1
00000152,-1,233,0,22,26,1,-1,-1,-1
00000152,-1,322,161,23,28,1,-1,-1,-1
00000152,-1,148,56,20,25,1,-1,-1,-1
00000152,-1,57,108,25,30,1,-1,-1,-1
00000152,-1,223,92,21,25,1,-1,-1,-1
00000152,-1,51,175,20,29,1,-1,-1,-1
00000152,-1,267,55,23,28,1,-1,-1,-1
00000153,-1,230,0,22,25,1,-1,-1,-1
00000153,-1,70,65,26,33,1,-1,-1,-1
00000153,-1,152,56,20,25,1,-1,-1,-1
00000153,-1,54,106,27,32,1,-1,-1,-1
00000153,-1,323,162,23,28,1,-1,-1,-1
00000153,-1,220,94,21,26,1,-1,-1,-1
00000153,-1,48,174,24,28,1,-1,-1,-1
00000154,-1,66,66,26,32,1,-1,-1,-1
00000154,-1,227,0,22,23,1,-1,-1,-1
00000154,-1,155,55,21,26,1,-1,-1,-1
00000154,-1,51,106,26,31,1,-1,-1,-1
00000154,-1,323,164,22,26,1,-1,-1,-1
00000154,-1,217,93,23,29,1,-1,-1,-1
00000154,-1,47,172,18,33,1,-1,-1,-1
00000155,-1,49,105,26,32,1,-1,-1,-1
00000155,-1,158,55,21,24,1,-1,-1,-1
00000155,-1,64,65,26,32,1,-1,-1,-1
00000155,-1,325,164,21,26,1,-1,-1,-1
00000155,-1,217,101,21,24,1,-1,-1,-1
00000155,-1,227,0,21,19,1,-1,-1,-1
00000155,-1,46,172,19,28,1,-1,-1,-1
00000155,-1,131,106,19,27,1,-1,-1,-1
00000155,-1,272,54,22,28,1,-1,-1,-1
00000156,-1,61,65,26,32,1,-1,-1,-1
00000156,-1,46,104,27,32,1,-1,-1,-1
00000156,-1,162,55,19,24,1,-1,-1,-1
00000156,-1,324,165,21,26,1,-1,-1,-1
00000156,-1,215,105,19,24,1,-1,-1,-1
00000156,-1,223,0,23,16,1,-1,-1,-1
00000156,-1,45,169,19,25,1,-1,-1,-1
00000156,-1,130,105,19,26,1,-1,-1,-1
00000157,-1,163,54,22,24,1,-1,-1,-1
00000157,-1,44,104,27,32,1,-1,-1,-1
00000157,-1,59,66,25,29,1,-1,-1,-1
00000157,-1,213,109,20,26,1,-1,-1,-1
00000157,-1,323,166,22,25,1,-1,-1,-1
00000157,-1,223,0,23,15,1,-1,-1,-1
00000157,-1,43,169,19,24,1,-1,-1,-1
00000157,-1,130,105,19,26,1,-1,-1,-1
00000158,-1,57,64,25,32,1,-1,-1,-1
00000158,-1,166,53,20,24,1,-1,-1,-1
00000158,-1,43,102,26,32,1,-1,-1,-1
00000158,-1,129,104,19,23,1,-1,-1,-1
00000158,-1,323,168,21,24,1,-1,-1,-1
00000158,-1,211,117,20,24,1,-1,-1,-1
00000158,-1,41,167,19,25,1,-1,-1,-1
00000158,-1,220,0,24,15,1,-1,-1,-1
00000159,-1,56,63,25,32,1,-1,-1,-1
00000159,-1,168,52,20,25,1,-1,-1,-1
00000159,-1,41,101,26,32,1,-1,-1,-1
00000159,-1,207,119,20,25,1,-1,-1,-1
00000159,-1,130,104,20,26,1,-1,-1,-1
00000159,-1,39,164,19,31,1,-1,-1,-1
00000159,-1,323,169,24,27,1,-1,-1,-1
00000159,-1,218,0,24,15,1,-1,-1,-1
00000160,-1,55,63,25,31,1,-1,-1,-1
00000160,-1,41,100,26,33,1,-1,-1,-1
00000160,-1,169,52,21,25,1,-1,-1,-1
00000160,-1,205,116,21,29,1,-1,-1,-1
00000160,-1,321,171,22,26,1,-1,-1,-1
00000160,-1,129,103,19,22,1,-1,-1,-1
00000160,-1,37,168,18,27,1,-1,-1,-1
00000160,-1,218,1,24,14,1,-1,-1,-1
00000161,-1,54,64,23,29,1,-1,-1,-1
00000161,-1,170,50,22,28,1,-1,-1,-1
00000161,-1,41,100,26,32,1,-1,-1,-1
00000161,-1,321,174,21,28,1,-1,-1,-1
00000161,-1,204,118,21,24,1,-1,-1,-1
00000161,-1,130,102,18,22,1,-1,-1,-1
00000161,-1,34,171,18,25,1,-1,-1,-1
00000161,-1,218,0,23,15,1,-1,-1,-1
00000162,-1,173,50,20,27,1,-1,-1,-1
00000162,-1,40,99,26,31,1,-1,-1,-1
00000162,-1,319,177,21,24,1,-1,-1,-1
00000162,-1,52,61,24,33,1,-1,-1,-1
00000162,-1,32,173,17,27,1,-1,-1,-1
00000162,-1,200,112,23,28,1,-1,-1,-1
00000162,-1,218,0,22,15,1,-1,-1,-1
00000162,-1,129,101,19,23,1,-1,-1,-1
00000163,-1,40,99,26,32,1,-1,-1,-1
00000163,-1,175,50,19,26,1,-1,-1,-1
00000163,-1,319,176,20,24,1,-1,-1,-1
00000163,-1,52,62,22,31,1,-1,-1,-1
00000163,-1,199,107,24,29,1,-1,-1,-1
00000163,-1,29,176,21,29,1,-1,-1,-1
00000163,-1,133,103,17,21,1,-1,-1,-1
00000164,-1,39,99,26,31,1,-1,-1,-1
00000164,-1,51,62,23,31,1,-1,-1,-1
00000164,-1,319,173,20,28,1,-1,-1,-1
00000164,-1,175,49,21,27,1,-1,-1,-1
00000164,-1,200,107,22,27,1,-1,-1,-1
00000164,-1,26,179,17,29,1,-1,-1,-1
00000164,-1,140,1,23,24,1,-1,-1,-1
00000164,-1,217,1,23,14,1,-1,-1,-1
00000164,-1,133,103,16,21,1,-1,-1,-1
00000165,-1,39,98,26,31,1,-1,-1,-1
00000165,-1,50,62,23,30,1,-1,-1,-1
00000165,-1,176,49,21,28,1,-1,-1,-1
00000165,-1,198,106,23,28,1,-1,-1,-1
00000165,-1,319,173,20,24,1,-1,-1,-1
00000165,-1,132,104,18,20,1,-1,-1,-1
00000165,-1,22,181,21,30,1,-1,-1,-1
00000166,-1,39,98,26,31,1,-1,-1,-1
00000166,-1,50,61,23,31,1,-1,-1,-1
00000166,-1,177,49,21,27,1,-1,-1,-1
00000166,-1,199,107,22,28,1,-1,-1,-1
00000166,-1,318,172,20,25,1,-1,-1,-1
00000166,-1,18,185,19,28,1,-1,-1,-1
00000166,-1,132,99,19,26,1,-1,-1,-1
00000166,-1,219,1,22,14,1,-1,-1,-1
00000167,-1,50,61,23,31,1,-1,-1,-1
00000167,-1,38,96,27,33,1,-1,-1,-1
00000167,-1,178,49,20,26,1,-1,-1,-1
00000167,-1,319,172,19,24,1,-1,-1,-1
00000167,-1,199,109,22,27,1,-1,-1,-1
00000167,-1,134,103,18,21,1,-1,-1,-1
00000167,-1,220,0,21,15,1,-1,-1,-1
00000168,-1,50,60,23,32,1,-1,-1,-1
00000168,-1,39,96,26,32,1,-1,-1,-1
00000168,-1,177,48,22,25,1,-1,-1,-1
00000168,-1,319,171,20,25,1,-1,-1,-1
00000168,-1,198,109,23,26,1,-1,-1,-1
00000168,-1,134,104,19,20,1,-1,-1,-1
00000168,-1,11,193,17,26,1,-1,-1,-1
00000168,-1,219,1,24,14,1,-1,-1,-1
00000169,-1,50,59,23,33,1,-1,-1,-1
00000169,-1,318,170,21,27,1,-1,-1,-1
00000169,-1,39,96,26,31,1,-1,-1,-1
00000169,-1,179,47,21,26,1,-1,-1,-1
00000169,-1,198,108,23,26,1,-1,-1,-1
00000169,-1,2,194,20,29,1,-1,-1,-1
00000169,-1,223,0,22,14,1,-1,-1,-1
00000169,-1,136,104,15,18,1,-1,-1,-1
00000169,-1,111,157,50,54,1,-1,-1,-1
00000170,-1,51,59,23,31,1,-1,-1,-1
00000170,-1,179,47,21,25,1,-1,-1,-1
00000170,-1,39,95,26,32,1,-1,-1,-1
00000170,-1,317,170,21,26,1,-1,-1,-1
00000170,-1,199,106,23,27,1,-1,-1,-1
00000170,-1,135,101,19,21,1,-1,-1,-1
00000170,-1,0,196,16,28,1,-1,-1,-1
00000171,-1,51,58,24,32,1,-1,-1,-1
00000171,-1,180,47,20,24,1,-1,-1,-1
00000171,-1,41,94,25,31,1,-1,-1,-1
00000171,-1,317,171,22,25,1,-1,-1,-1
00000171,-1,199,104,23,28,1,-1,-1,-1
00000171,-1,136,98,21,24,1,-1,-1,-1
00000171,-1,227,0,21,14,1,-1,-1,-1
00000172,-1,52,57,23,32,1,-1,-1,-1
00000172,-1,180,47,20,23,1,-1,-1,-1
00000172,-1,40,94,25,30,1,-1,-1,-1
00000172,-1,315,170,21,25,1,-1,-1,-1
00000172,-1,200,106,23,26,1,-1,-1,-1
00000172,-1,137,96,21,26,1,-1,-1,-1
00000172,-1,0,196,9,29,1,-1,-1,-1
00000173,-1,180,46,21,25,1,-1,-1,-1
00000173,-1,52,57,24,30,1,-1,-1,-1
00000173,-1,41,94,24,30,1,-1,-1,-1
00000173,-1,314,168,20,25,1,-1,-1,-1
00000173,-1,138,97,21,24,1,-1,-1,-1
00000173,-1,201,102,24,27,1,-1,-1,-1
00000174,-1,54,56,24,31,1,-1,-1,-1
00000174,-1,180,46,20,24,1,-1,-1,-1
00000174,-1,42,93,24,30,1,-1,-1,-1
00000174,-1,312,168,21,25,1,-1,-1,-1
00000174,-1,140,97,20,23,1,-1,-1,-1
00000174,-1,201,102,24,28,1,-1,-1,-1
00000175,-1,55,55,24,32,1,-1,-1,-1
00000175,-1,42,93,24,29,1,-1,-1,-1
00000175,-1,180,46,20,24,1,-1,-1,-1
00000175,-1,309,168,20,25,1,-1,-1,-1
00000175,-1,141,93,20,25,1,-1,-1,-1
00000175,-1,198,97,25,29,1,-1,-1,-1
00000175,-1,266,46,22,27,1,-1,-1,-1
00000176,-1,57,55,24,32,1,-1,-1,-1
00000176,-1,42,92,23,29,1,-1,-1,-1
00000176,-1,180,46,20,23,1,-1,-1,-1
00000176,-1,307,168,21,25,1,-1,-1,-1
00000176,-1,140,89,23,29,1,-1,-1,-1
00000176,-1,200,100,22,26,1,-1,-1,-1
00000177,-1,59,56,24,30,1,-1,-1,-1
00000177,-1,43,92,23,29,1,-1,-1,-1
00000177,-1,304,166,23,26,1,-1,-1,-1
00000177,-1,179,44,21,26,1,-1,-1,-1
00000177,-1,140,89,23,28,1,-1,-1,-1
00000177,-1,199,95,25,31,1,-1,-1,-1
00000178,-1,62,55,25,31,1,-1,-1,-1
00000178,-1,43,91,23,32,1,-1,-1,-1
00000178,-1,179,45,20,25,1,-1,-1,-1
00000178,-1,302,166,21,24,1,-1,-1,-1
00000178,-1,141,92,21,26,1,-1,-1,-1
00000178,-1,201,100,22,26,1,-1,-1,-1
00000179,-1,44,91,23,32,1,-1,-1,-1
00000179,-1,65,56,23,30,1,-1,-1,-1
00000179,-1,178,43,21,27,1,-1,-1,-1
00000179,-1,301,166,21,24,1,-1,-1,-1
00000179,-1,142,90,22,30,1,-1,-1,-1
00000179,-1,200,100,23,26,1,-1,-1,-1
00000179,-1,243,2,23,25,1,-1,-1,-1
00000179,-1,129,1,16,15,1,-1,-1,-1
00000179,-1,259,48,23,27,1,-1,-1,-1
00000180,-1,67,57,25,30,1,-1,-1,-1
00000180,-1,44,91,23,34,1,-1,-1,-1
00000180,-1,177,45,21,25,1,-1,-1,-1
00000180,-1,299,168,20,22,1,-1,-1,-1
00000180,-1,199,96,23,29,1,-1,-1,-1
00000180,-1,143,91,24,33,1,-1,-1,-1
00000180,-1,128,1,17,18,1,-1,-1,-1
00000180,-1,259,47,24,27,1,-1,-1,-1
00000181,-1,70,57,24,30,1,-1,-1,-1
00000181,-1,45,91,22,34,1,-1,-1,-1
00000181,-1,176,46,21,25,1,-1,-1,-1
00000181,-1,128,1,16,19,1,-1,-1,-1
00000181,-1,297,168,20,23,1,-1,-1,-1
00000181,-1,198,97,23,28,1,-1,-1,-1
00000181,-1,257,46,25,29,1,-1,-1,-1
00000182,-1,72,58,24,30,1,-1,-1,-1
00000182,-1,45,91,23,33,1,-1,-1,-1
00000182,-1,175,45,21,26,1,-1,-1,-1
00000182,-1,295,168,20,24,1,-1,-1,-1
00000182,-1,129,2,14,20,1,-1,-1,-1
00000182,-1,197,98,25,26,1,-1,-1,-1
00000182,-1,257,45,23,28,1,-1,-1,-1
00000183,-1,75,60,24,31,1,-1,-1,-1
00000183,-1,175,50,20,26,1,-1,-1,-1
00000183,-1,293,169,21,24,1,-1,-1,-1
00000183,-1,128,3,15,21,1,-1,-1,-1
00000183,-1,45,92,23,32,1,-1,-1,-1
00000183,-1,200,101,21,24,1,-1,-1,-1
00000183,-1,256,45,24,30,1,-1,-1,-1
00000184,-1,77,61,24,31,1,-1,-1,-1
00000184,-1,46,92,24,33,1,-1,-1,-1
00000184,-1,174,55,19,24,1,-1,-1,-1
00000184,-1,127,3,16,22,1,-1,-1,-1
00000184,-1,292,170,20,23,1,-1,-1,-1
00000184,-1,200,101,20,25,1,-1,-1,-1
00000184,-1,248,2,20,24,1,-1,-1,-1
00000185,-1,80,62,23,30,1,-1,-1,-1
00000185,-1,173,58,19,24,1,-1,-1,-1
00000185,-1,48,92,22,33,1,-1,-1,-1
00000185,-1,126,4,16,21,1,-1,-1,-1
00000185,-1,291,171,20,23,1,-1,-1,-1
00000185,-1,202,105,18,21,1,-1,-1,-1
00000186,-1,82,64,23,29,1,-1,-1,-1
00000186,-1,171,62,21,24,1,-1,-1,-1
00000186,-1,49,92,23,33,1,-1,-1,-1
00000186,-1,289,170,21,25,1,-1,-1,-1
00000186,-1,125,4,16,19,1,-1,-1,-1
00000186,-1,202,103,19,22,1,-1,-1,-1
00000187,-1,84,64,23,30,1,-1,-1,-1
00000187,-1,51,91,22,35,1,-1,-1,-1
00000187,-1,169,64,20,24,1,-1,-1,-1
00000187,-1,124,2,17,21,1,-1,-1,-1
00000187,-1,289,171,22,26,1,-1,-1,-1
00000187,-1,201,100,21,26,1,-1,-1,-1
00000188,-1,86,67,23,29,1,-1,-1,-1
00000188,-1,167,65,21,25,1,-1,-1,-1
00000188,-1,52,92,23,35,1,-1,-1,-1
00000188,-1,123,2,17,20,1,-1,-1,-1
00000188,-1,288,172,21,25,1,-1,-1,-1
00000188,-1,201,98,24,27,1,-1,-1,-1
00000189,-1,87,68,22,30,1,-1,-1,-1
00000189,-1,165,67,21,23,1,-1,-1,-1
00000189,-1,53,90,23,35,1,-1,-1,-1
00000189,-1,288,173,21,25,1,-1,-1,-1
00000189,-1,122,1,16,18,1,-1,-1,-1
00000189,-1,200,98,23,30,1,-1,-1,-1
00000189,-1,111,125,26,36,1,-1,-1,-1
00000190,-1,87,68,24,31,1,-1,-1,-1
00000190,-1,54,90,23,34,1,-1,-1,-1
00000190,-1,288,175,21,25,1,-1,-1,-1
00000190,-1,158,68,29,26,1,-1,-1,-1
00000190,-1,202,98,23,27,1,-1,-1,-1
00000190,-1,121,2,16,16,1,-1,-1,-1
00000190,-1,110,125,26,38,1,-1,-1,-1
00000190,-1,256,3,18,21,1,-1,-1,-1
00000191,-1,89,69,23,30,1,-1,-1,-1
00000191,-1,57,90,22,33,1,-1,-1,-1
00000191,-1,287,177,21,25,1,-1,-1,-1
00000191,-1,204,104,21,23,1,-1,-1,-1
00000191,-1,158,67,26,26,1,-1,-1,-1
00000191,-1,121,2,16,15,1,-1,-1,-1
00000191,-1,257,48,24,27,1,-1,-1,-1
00000191,-1,85,182,19,25,1,-1,-1,-1
00000192,-1,90,70,23,29,1,-1,-1,-1
00000192,-1,57,88,24,37,1,-1,-1,-1
00000192,-1,120,1,16,20,1,-1,-1,-1
00000192,-1,287,180,22,24,1,-1,-1,-1
00000192,-1,156,68,26,26,1,-1,-1,-1
00000192,-1,202,96,24,31,1,-1,-1,-1
00000192,-1,258,48,24,29,1,-1,-1,-1
00000193,-1,90,69,25,31,1,-1,-1,-1
00000193,-1,118,1,18,23,1,-1,-1,-1
00000193,-1,59,88,23,37,1,-1,-1,-1
00000193,-1,287,184,21,24,1,-1,-1,-1
00000193,-1,202,97,24,30,1,-1,-1,-1
00000193,-1,153,66,27,31,1,-1,-1,-1
00000193,-1,258,52,25,27,1,-1,-1,-1
00000194,-1,91,70,24,30,1,-1,-1,-1
00000194,-1,61,88,22,34,1,-1,-1,-1
00000194,-1,118,3,18,23,1,-1,-1,-1
00000194,-1,204,101,22,27,1,-1,-1,-1
00000194,-1,149,66,30,32,1,-1,-1,-1
00000194,-1,287,185,21,26,1,-1,-1,-1
00000195,-1,63,88,22,34,1,-1,-1,-1
00000195,-1,91,71,24,29,1,-1,-1,-1
00000195,-1,149,66,27,31,1,-1,-1,-1
00000195,-1,116,7,18,21,1,-1,-1,-1
00000195,-1,205,101,22,27,1,-1,-1,-1
00000195,-1,287,193,22,28,1,-1,-1,-1
00000196,-1,63,88,23,35,1,-1,-1,-1
00000196,-1,91,70,25,31,1,-1,-1,-1
00000196,-1,116,9,17,21,1,-1,-1,-1
00000196,-1,151,69,22,22,1,-1,-1,-1
00000196,-1,288,199,21,27,1,-1,-1,-1
00000196,-1,270,116,47,61,1,-1,-1,-1
00000196,-1,261,47,28,30,1,-1,-1,-1
00000197,-1,64,87,23,35,1,-1,-1,-1
00000197,-1,91,70,25,31,1,-1,-1,-1
00000197,-1,150,69,22,23,1,-1,-1,-1
00000197,-1,115,12,16,21,1,-1,-1,-1
00000197,-1,207,104,20,22,1,-1,-1,-1
00000197,-1,286,194,23,30,1,-1,-1,-1
00000197,-1,262,46,27,32,1,-1,-1,-1
00000198,-1,90,70,27,31,1,-1,-1,-1
00000198,-1,150,69,21,22,1,-1,-1,-1
00000198,-1,113,15,17,21,1,-1,-1,-1
00000198,-1,64,87,24,35,1,-1,-1,-1
00000198,-1,205,101,22,25,1,-1,-1,-1
00000198,-1,287,200,22,26,1,-1,-1,-1
00000198,-1,262,47,26,33,1,-1,-1,-1
00000198,-1,275,121,43,52,1,-1,-1,-1
00000199,-1,90,69,27,32,1,-1,-1,-1
00000199,-1,64,86,25,35,1,-1,-1,-1
00000199,-1,151,66,18,25,1,-1,-1,-1
00000199,-1,111,16,18,22,1,-1,-1,-1
00000199,-1,286,197,22,28,1,-1,-1,-1
00000199,-1,263,48,27,31,1,-1,-1,-1
00000199,-1,206,101,22,24,1,-1,-1,-1
00000200,-1,91,70,25,29,1,-1,-1,-1
00000200,-1,150,68,20,23,1,-1,-1,-1
00000200,-1,64,86,25,35,1,-1,-1,-1
00000200,-1,110,17,17,22,1,-1,-1,-1
00000200,-1,206,103,21,22,1,-1,-1,-1
00000200,-1,285,196,22,29,1,-1,-1,-1
00000200,-1,262,47,28,30,1,-1,-1,-1
00000200,-1,259,41,37,38,1,-1,-1,-1
00000201,-1,91,70,26,30,1,-1,-1,-1
00000201,-1,150,68,20,24,1,-1,-1,-1
00000201,-1,109,17,17,22,1,-1,-1,-1
00000201,-1,65,86,24,31,1,-1,-1,-1
00000201,-1,206,101,22,24,1,-1,-1,-1
00000201,-1,286,197,21,27,1,-1,-1,-1
00000201,-1,263,46,27,30,1,-1,-1,-1
00000201,-1,206,0,20,17,1,-1,-1,-1
00000202,-1,107,17,17,23,1,-1,-1,-1
00000202,-1,92,71,25,30,1,-1,-1,-1
00000202,-1,65,85,24,34,1,-1,-1,-1
00000202,-1,150,69,20,22,1,-1,-1,-1
00000202,-1,205,99,22,26,1,-1,-1,-1
00000202,-1,263,44,27,31,1,-1,-1,-1
00000202,-1,285,197,22,28,1,-1,-1,-1
00000202,-1,203,0,18,17,1,-1,-1,-1
00000203,-1,65,84,25,34,1,-1,-1,-1
00000203,-1,92,69,25,32,1,-1,-1,-1
00000203,-1,106,17,18,22,1,-1,-1,-1
00000203,-1,148,68,21,23,1,-1,-1,-1
00000203,-1,204,97,23,29,1,-1,-1,-1
00000203,-1,265,40,23,35,1,-1,-1,-1
00000203,-1,284,197,21,28,1,-1,-1,-1
00000203,-1,201,0,20,18,1,-1,-1,-1
00000203,-1,261,35,33,43,1,-1,-1,-1
00000204,-1,64,84,26,34,1,-1,-1,-1
00000204,-1,105,17,18,22,1,-1,-1,-1
00000204,-1,93,69,24,30,1,-1,-1,-1
00000204,-1,150,68,20,21,1,-1,-1,-1
00000204,-1,204,95,22,29,1,-1,-1,-1
00000204,-1,262,39,28,33,1,-1,-1,-1
00000204,-1,281,197,21,27,1,-1,-1,-1
00000204,-1,274,118,42,66,1,-1,-1,-1
00000205,-1,64,84,25,34,1,-1,-1,-1
00000205,-1,92,67,26,32,1,-1,-1,-1
00000205,-1,104,16,17,22,1,-1,-1,-1
00000205,-1,150,68,21,21,1,-1,-1,-1
00000205,-1,262,40,24,31,1,-1,-1,-1
00000205,-1,280,199,21,26,1,-1,-1,-1
00000205,-1,205,94,21,31,1,-1,-1,-1
00000205,-1,273,121,41,62,1,-1,-1,-1
00000205,-1,198,0,21,15,1,-1,-1,-1
00000206,-1,63,84,26,35,1,-1,-1,-1
00000206,-1,93,66,24,31,1,-1,-1,-1
00000206,-1,152,68,20,22,1,-1,-1,-1
00000206,-1,103,16,17,22,1,-1,-1,-1
00000206,-1,261,38,26,32,1,-1,-1,-1
00000206,-1,279,200,21,26,1,-1,-1,-1
00000206,-1,202,94,24,31,1,-1,-1,-1
00000206,-1,272,118,42,73,1,-1,-1,-1
00000207,-1,63,83,26,35,1,-1,-1,-1
00000207,-1,93,65,24,29,1,-1,-1,-1
00000207,-1,153,68,19,21,1,-1,-1,-1
00000207,-1,103,16,16,22,1,-1,-1,-1
00000207,-1,259,37,24,32,1,-1,-1,-1
00000207,-1,204,99,21,27,1,-1,-1,-1
00000207,-1,276,204,19,23,1,-1,-1,-1
00000208,-1,62,84,27,34,1,-1,-1,-1
00000208,-1,153,68,20,23,1,-1,-1,-1
00000208,-1,93,65,24,27,1,-1,-1,-1
00000208,-1,102,16,17,21,1,-1,-1,-1
00000208,-1,256,38,25,33,1,-1,-1,-1
00000208,-1,204,101,21,27,1,-1,-1,-1
00000208,-1,274,203,20,25,1,-1,-1,-1
00000208,-1,252,34,34,39,1,-1,-1,-1
00000208,-1,289,4,16,20,1,-1,-1,-1
00000209,-1,62,84,26,33,1,-1,-1,-1
00000209,-1,153,68,20,22,1,-1,-1,-1
00000209,-1,101,15,18,22,1,-1,-1,-1
00000209,-1,93,64,23,28,1,-1,-1,-1
00000209,-1,254,39,28,33,1,-1,-1,-1
00000209,-1,271,202,22,27,1,-1,-1,-1
00000209,-1,203,99,23,29,1,-1,-1,-1
00000210,-1,62,84,26,33,1,-1,-1,-1
00000210,-1,154,68,19,23,1,-1,-1,-1
00000210,-1,101,16,18,22,1,-1,-1,-1
00000210,-1,94,63,22,28,1,-1,-1,-1
00000210,-1,251,38,26,34,1,-1,-1,-1
00000210,-1,203,103,22,28,1,-1,-1,-1
00000210,-1,192,0,20,14,1,-1,-1,-1
00000210,-1,268,200,21,25,1,-1,-1,-1
00000211,-1,61,84,27,33,1,-1,-1,-1
00000211,-1,155,70,18,22,1,-1,-1,-1
00000211,-1,93,62,23,29,1,-1,-1,-1
00000211,-1,102,17,17,21,1,-1,-1,-1
00000211,-1,249,39,26,34,1,-1,-1,-1
00000211,-1,202,107,24,27,1,-1,-1,-1
00000211,-1,266,199,22,26,1,-1,-1,-1
00000212,-1,61,85,27,33,1,-1,-1,-1
00000212,-1,155,70,19,24,1,-1,-1,-1
00000212,-1,92,62,24,28,1,-1,-1,-1
00000212,-1,102,18,18,22,1,-1,-1,-1
00000212,-1,247,39,24,35,1,-1,-1,-1
00000212,-1,264,199,23,28,1,-1,-1,-1
00000212,-1,203,108,23,28,1,-1,-1,-1
00000212,-1,187,0,19,17,1,-1,-1,-1
00000212,-1,273,1,19,18,1,-1,-1,-1
00000213,-1,61,86,26,32,1,-1,-1,-1
00000213,-1,155,70,19,24,1,-1,-1,-1
00000213,-1,93,62,23,28,1,-1,-1,-1
00000213,-1,102,19,19,23,1,-1,-1,-1
00000213,-1,245,40,23,33,1,-1,-1,-1
00000213,-1,261,198,22,27,1,-1,-1,-1
00000213,-1,186,0,18,21,1,-1,-1,-1
00000213,-1,204,114,20,26,1,-1,-1,-1
00000213,-1,270,0,19,23,1,-1,-1,-1
00000214,-1,62,86,25,33,1,-1,-1,-1
00000214,-1,155,69,21,25,1,-1,-1,-1
00000214,-1,92,61,24,28,1,-1,-1,-1
00000214,-1,244,38,23,36,1,-1,-1,-1
00000214,-1,104,23,18,20,1,-1,-1,-1
00000214,-1,258,197,23,27,1,-1,-1,-1
00000214,-1,204,123,20,22,1,-1,-1,-1
00000214,-1,265,0,23,23,1,-1,-1,-1
00000214,-1,187,3,16,20,1,-1,-1,-1
00000215,-1,61,86,26,33,1,-1,-1,-1
00000215,-1,92,60,24,29,1,-1,-1,-1
00000215,-1,155,68,21,27,1,-1,-1,-1
00000215,-1,105,24,18,21,1,-1,-1,-1
00000215,-1,242,41,24,35,1,-1,-1,-1
00000215,-1,254,200,24,26,1,-1,-1,-1
00000215,-1,204,125,21,26,1,-1,-1,-1
00000215,-1,184,6,15,20,1,-1,-1,-1
00000215,-1,263,0,25,23,1,-1,-1,-1
00000216,-1,63,87,25,31,1,-1,-1,-1
00000216,-1,155,68,21,27,1,-1,-1,-1
00000216,-1,91,59,24,30,1,-1,-1,-1
00000216,-1,241,42,25,35,1,-1,-1,-1
00000216,-1,206,135,19,21,1,-1,-1,-1
00000216,-1,252,198,23,27,1,-1,-1,-1
00000216,-1,183,10,16,23,1,-1,-1,-1
00000216,-1,106,28,18,20,1,-1,-1,-1
00000216,-1,260,0,23,25,1,-1,-1,-1
00000217,-1,64,86,24,32,1,-1,-1,-1
00000217,-1,156,67,21,27,1,-1,-1,-1
00000217,-1,91,58,24,30,1,-1,-1,-1
00000217,-1,241,44,26,35,1,-1,-1,-1
00000217,-1,182,13,17,24,1,-1,-1,-1
00000217,-1,205,137,20,22,1,-1,-1,-1
00000217,-1,251,199,23,27,1,-1,-1,-1
00000217,-1,259,0,23,25,1,-1,-1,-1
00000217,-1,108,30,17,19,1,-1,-1,-1
00000218,-1,64,85,26,33,1,-1,-1,-1
00000218,-1,90,57,26,31,1,-1,-1,-1
00000218,-1,155,67,22,27,1,-1,-1,-1
00000218,-1,182,14,17,23,1,-1,-1,-1
00000218,-1,206,137,19,22,1,-1,-1,-1
00000218,-1,240,44,27,36,1,-1,-1,-1
00000218,-1,249,200,23,25,1,-1,-1,-1
00000218,-1,259,0,22,24,1,-1,-1,-1
00000218,-1,110,32,17,18,1,-1,-1,-1
00000219,-1,65,85,26,33,1,-1,-1,-1
00000219,-1,156,67,21,25,1,-1,-1,-1
00000219,-1,91,57,24,29,1,-1,-1,-1
00000219,-1,181,13,18,24,1,-1,-1,-1
00000219,-1,207,135,18,23,1,-1,-1,-1
00000219,-1,242,45,24,35,1,-1,-1,-1
00000219,-1,249,203,22,25,1,-1,-1,-1
00000219,-1,112,32,17,20,1,-1,-1,-1
00000219,-1,258,0,23,24,1,-1,-1,-1
00000220,-1,65,85,26,34,1,-1,-1,-1
00000220,-1,156,66,22,26,1,-1,-1,-1
00000220,-1,91,55,24,31,1,-1,-1,-1
00000220,-1,181,12,17,23,1,-1,-1,-1
00000220,-1,206,133,20,22,1,-1,-1,-1
00000220,-1,241,46,26,33,1,-1,-1,-1
00000220,-1,112,33,20,23,1,-1,-1,-1
00000220,-1,250,205,22,26,1,-1,-1,-1
00000220,-1,260,0,22,23,1,-1,-1,-1
00000221,-1,65,86,26,33,1,-1,-1,-1
00000221,-1,157,66,21,25,1,-1,-1,-1
00000221,-1,91,55,24,32,1,-1,-1,-1
00000221,-1,206,133,19,21,1,-1,-1,-1
00000221,-1,114,33,19,25,1,-1,-1,-1
00000221,-1,252,207,20,28,1,-1,-1,-1
00000221,-1,182,11,16,23,1,-1,-1,-1
00000221,-1,242,48,25,32,1,-1,-1,-1
00000221,-1,261,0,21,23,1,-1,-1,-1
00000221,-1,237,42,35,39,1,-1,-1,-1
00000222,-1,66,87,26,34,1,-1,-1,-1
00000222,-1,158,66,20,24,1,-1,-1,-1
00000222,-1,91,55,24,31,1,-1,-1,-1
00000222,-1,183,10,16,23,1,-1,-1,-1
00000222,-1,253,210,21,26,1,-1,-1,-1
00000222,-1,206,131,19,22,1,-1,-1,-1
00000222,-1,116,35,18,22,1,-1,-1,-1
00000222,-1,243,46,26,34,1,-1,-1,-1
00000222,-1,262,1,19,22,1,-1,-1,-1
00000223,-1,65,87,26,34,1,-1,-1,-1
00000223,-1,91,54,24,31,1,-1,-1,-1
00000223,-1,158,65,21,25,1,-1,-1,-1
00000223,-1,118,36,18,22,1,-1,-1,-1
00000223,-1,205,130,20,22,1,-1,-1,-1
00000223,-1,183,10,17,21,1,-1,-1,-1
00000223,-1,245,48,25,34,1,-1,-1,-1
00000223,-1,254,214,22,24,1,-1,-1,-1
00000223,-1,140,98,17,21,1,-1,-1,-1
00000224,-1,91,54,23,31,1,-1,-1,-1
00000224,-1,64,87,26,36,1,-1,-1,-1
00000224,-1,158,65,21,25,1,-1,-1,-1
00000224,-1,118,36,19,24,1,-1,-1,-1
00000224,-1,184,9,16,23,1,-1,-1,-1
00000224,-1,203,129,22,24,1,-1,-1,-1
00000224,-1,245,50,25,33,1,-1,-1,-1
00000224,-1,139,97,18,22,1,-1,-1,-1
00000224,-1,258,214,21,26,1,-1,-1,-1
00000225,-1,64,90,26,34,1,-1,-1,-1
00000225,-1,91,54,23,29,1,-1,-1,-1
00000225,-1,159,64,20,27,1,-1,-1,-1
00000225,-1,119,36,18,23,1,-1,-1,-1
00000225,-1,185,8,18,24,1,-1,-1,-1
00000225,-1,138,97,19,23,1,-1,-1,-1
00000225,-1,202,128,22,26,1,-1,-1,-1
00000225,-1,249,53,26,31,1,-1,-1,-1
00000225,-1,258,222,20,18,1,-1,-1,-1
00000226,-1,62,89,27,36,1,-1,-1,-1
00000226,-1,89,52,24,31,1,-1,-1,-1
00000226,-1,159,65,20,25,1,-1,-1,-1
00000226,-1,119,36,19,24,1,-1,-1,-1
00000226,-1,185,8,18,23,1,-1,-1,-1
00000226,-1,200,123,25,31,1,-1,-1,-1
00000226,-1,249,55,25,31,1,-1,-1,-1
00000226,-1,139,97,18,24,1,-1,-1,-1
00000226,-1,258,223,20,17,1,-1,-1,-1
00000226,-1,243,50,35,38,1,-1,-1,-1
00000227,-1,62,90,26,34,1,-1,-1,-1
00000227,-1,88,51,24,33,1,-1,-1,-1
00000227,-1,157,63,22,27,1,-1,-1,-1
00000227,-1,119,36,19,25,1,-1,-1,-1
00000227,-1,185,7,19,24,1,-1,-1,-1
00000227,-1,249,56,26,32,1,-1,-1,-1
00000227,-1,199,128,22,28,1,-1,-1,-1
00000227,-1,139,99,19,24,1,-1,-1,-1
00000228,-1,60,89,27,35,1,-1,-1,-1
00000228,-1,88,51,23,32,1,-1,-1,-1
00000228,-1,120,37,18,23,1,-1,-1,-1
00000228,-1,158,64,20,26,1,-1,-1,-1
00000228,-1,185,7,19,23,1,-1,-1,-1
00000228,-1,198,129,22,27,1,-1,-1,-1
00000228,-1,250,59,25,31,1,-1,-1,-1
00000228,-1,141,99,19,28,1,-1,-1,-1
00000228,-1,257,223,21,17,1,-1,-1,-1
00000229,-1,59,90,27,33,1,-1,-1,-1
00000229,-1,87,51,23,30,1,-1,-1,-1
00000229,-1,157,64,20,24,1,-1,-1,-1
00000229,-1,120,36,18,23,1,-1,-1,-1
00000229,-1,185,7,19,22,1,-1,-1,-1
00000229,-1,195,128,23,29,1,-1,-1,-1
00000229,-1,142,98,20,31,1,-1,-1,-1
00000229,-1,251,61,26,30,1,-1,-1,-1
00000229,-1,256,222,19,18,1,-1,-1,-1
00000230,-1,58,90,26,33,1,-1,-1,-1
00000230,-1,86,50,25,31,1,-1,-1,-1
00000230,-1,120,36,17,22,1,-1,-1,-1
00000230,-1,185,7,19,23,1,-1,-1,-1
00000230,-1,157,64,21,24,1,-1,-1,-1
00000230,-1,194,133,21,26,1,-1,-1,-1
00000230,-1,252,59,24,35,1,-1,-1,-1
00000230,-1,145,100,18,24,1,-1,-1,-1
00000230,-1,256,222,19,18,1,-1,-1,-1
00000231,-1,57,90,26,32,1,-1,-1,-1
00000231,-1,87,49,23,31,1,-1,-1,-1
00000231,-1,119,35,18,22,1,-1,-1,-1
00000231,-1,185,9,18,23,1,-1,-1,-1
00000231,-1,156,63,21,27,1,-1,-1,-1
00000231,-1,145,100,20,24,1,-1,-1,-1
00000231,-1,192,131,22,27,1,-1,-1,-1
00000231,-1,252,60,24,33,1,-1,-1,-1
00000231,-1,254,222,19,18,1,-1,-1,-1
00000232,-1,58,89,25,33,1,-1,-1,-1
00000232,-1,118,34,19,22,1,-1,-1,-1
00000232,-1,185,10,19,24,1,-1,-1,-1
00000232,-1,87,48,24,31,1,-1,-1,-1
00000232,-1,154,62,21,25,1,-1,-1,-1
00000232,-1,252,60,25,34,1,-1,-1,-1
00000232,-1,146,97,21,27,1,-1,-1,-1
00000232,-1,191,135,22,27,1,-1,-1,-1
00000232,-1,153,163,29,31,1,-1,-1,-1
00000232,-1,253,224,19,16,1,-1,-1,-1
00000233,-1,57,88,25,36,1,-1,-1,-1
00000233,-1,87,47,25,31,1,-1,-1,-1
00000233,-1,118,33,19,22,1,-1,-1,-1
00000233,-1,183,13,20,23,1,-1,-1,-1
00000233,-1,253,59,24,35,1,-1,-1,-1
00000233,-1,154,61,21,29,1,-1,-1,-1
00000233,-1,147,95,22,27,1,-1,-1,-1
00000233,-1,189,138,24,28,1,-1,-1,-1
00000233,-1,251,223,22,17,1,-1,-1,-1
00000234,-1,57,88,25,36,1,-1,-1,-1
00000234,-1,88,44,25,32,1,-1,-1,-1
00000234,-1,118,32,18,23,1,-1,-1,-1
00000234,-1,153,60,20,27,1,-1,-1,-1
00000234,-1,183,18,19,24,1,-1,-1,-1
00000234,-1,254,62,27,32,1,-1,-1,-1
00000234,-1,152,96,19,24,1,-1,-1,-1
00000234,-1,247,221,22,19,1,-1,-1,-1
00000235,-1,56,88,26,36,1,-1,-1,-1
00000235,-1,91,44,22,31,1,-1,-1,-1
00000235,-1,116,31,20,25,1,-1,-1,-1
00000235,-1,152,94,22,26,1,-1,-1,-1
00000235,-1,153,62,19,24,1,-1,-1,-1
00000235,-1,182,22,19,23,1,-1,-1,-1
00000235,-1,253,62,26,31,1,-1,-1,-1
00000235,-1,185,149,22,24,1,-1,-1,-1
00000235,-1,156,166,27,30,1,-1,-1,-1
00000235,-1,246,223,23,17,1,-1,-1,-1
00000236,-1,56,89,26,35,1,-1,-1,-1
00000236,-1,91,42,23,31,1,-1,-1,-1
00000236,-1,253,63,29,34,1,-1,-1,-1
00000236,-1,152,61,20,25,1,-1,-1,-1
00000236,-1,180,26,19,24,1,-1,-1,-1
00000236,-1,116,32,19,23,1,-1,-1,-1
00000236,-1,183,153,22,25,1,-1,-1,-1
00000236,-1,151,93,26,28,1,-1,-1,-1
00000237,-1,56,90,26,34,1,-1,-1,-1
00000237,-1,180,31,19,22,1,-1,-1,-1
00000237,-1,254,66,27,34,1,-1,-1,-1
00000237,-1,116,31,18,23,1,-1,-1,-1
00000237,-1,92,42,22,30,1,-1,-1,-1
00000237,-1,150,59,22,28,1,-1,-1,-1
00000237,-1,154,93,21,27,1,-1,-1,-1
00000237,-1,177,156,26,28,1,-1,-1,-1
00000237,-1,155,154,44,41,1,-1,-1,-1
00000238,-1,56,89,26,35,1,-1,-1,-1
00000238,-1,179,30,20,24,1,-1,-1,-1
00000238,-1,254,67,28,35,1,-1,-1,-1
00000238,-1,116,31,18,23,1,-1,-1,-1
00000238,-1,94,43,19,27,1,-1,-1,-1
00000238,-1,155,92,22,27,1,-1,-1,-1
00000238,-1,150,59,20,26,1,-1,-1,-1
00000238,-1,174,158,27,28,1,-1,-1,-1
00000239,-1,57,89,26,35,1,-1,-1,-1
00000239,-1,179,30,20,25,1,-1,-1,-1
00000239,-1,254,68,28,34,1,-1,-1,-1
00000239,-1,116,31,18,22,1,-1,-1,-1
00000239,-1,94,43,19,26,1,-1,-1,-1
00000239,-1,154,92,23,27,1,-1,-1,-1
00000239,-1,149,60,22,26,1,-1,-1,-1
00000239,-1,172,163,26,28,1,-1,-1,-1
00000239,-1,160,166,22,29,1,-1,-1,-1
00000239,-1,238,223,24,17,1,-1,-1,-1
00000240,-1,57,88,25,33,1,-1,-1,-1
00000240,-1,179,29,20,25,1,-1,-1,-1
00000240,-1,115,29,19,25,1,-1,-1,-1
00000240,-1,254,69,26,33,1,-1,-1,-1
00000240,-1,157,92,22,27,1,-1,-1,-1
00000240,-1,94,42,18,28,1,-1,-1,-1
00000240,-1,170,164,25,25,1,-1,-1,-1
00000240,-1,342,37,21,33,1,-1,-1,-1
00000240,-1,148,60,18,24,1,-1,-1,-1
00000241,-1,114,28,20,25,1,-1,-1,-1
00000241,-1,158,91,23,30,1,-1,-1,-1
00000241,-1,56,87,29,37,1,-1,-1,-1
00000241,-1,178,27,21,25,1,-1,-1,-1
00000241,-1,254,69,27,32,1,-1,-1,-1
00000241,-1,146,57,21,25,1,-1,-1,-1
00000241,-1,167,161,25,28,1,-1,-1,-1
00000241,-1,93,41,18,29,1,-1,-1,-1
00000242,-1,114,28,19,25,1,-1,-1,-1
00000242,-1,57,87,27,32,1,-1,-1,-1
00000242,-1,158,92,23,30,1,-1,-1,-1
00000242,-1,178,26,21,23,1,-1,-1,-1
00000242,-1,252,66,26,35,1,-1,-1,-1
00000242,-1,165,156,25,29,1,-1,-1,-1
00000242,-1,146,56,22,26,1,-1,-1,-1
00000242,-1,93,43,18,27,1,-1,-1,-1
00000243,-1,58,87,26,32,1,-1,-1,-1
00000243,-1,114,27,20,24,1,-1,-1,-1
00000243,-1,253,64,25,36,1,-1,-1,-1
00000243,-1,179,25,22,25,1,-1,-1,-1
00000243,-1,160,93,22,29,1,-1,-1,-1
00000243,-1,164,155,25,28,1,-1,-1,-1
00000243,-1,146,54,21,25,1,-1,-1,-1
00000244,-1,114,27,19,23,1,-1,-1,-1
00000244,-1,57,86,27,33,1,-1,-1,-1
00000244,-1,178,26,22,25,1,-1,-1,-1
00000244,-1,252,67,25,32,1,-1,-1,-1
00000244,-1,164,94,21,29,1,-1,-1,-1
00000244,-1,162,154,24,27,1,-1,-1,-1
00000244,-1,145,54,21,26,1,-1,-1,-1
00000245,-1,114,25,19,24,1,-1,-1,-1
00000245,-1,252,65,27,33,1,-1,-1,-1
00000245,-1,179,23,22,26,1,-1,-1,-1
00000245,-1,57,85,28,31,1,-1,-1,-1
00000245,-1,164,92,24,35,1,-1,-1,-1
00000245,-1,159,151,24,26,1,-1,-1,-1
00000245,-1,348,27,17,29,1,-1,-1,-1
00000246,-1,58,84,29,33,1,-1,-1,-1
00000246,-1,114,25,19,23,1,-1,-1,-1
00000246,-1,251,66,25,31,1,-1,-1,-1
00000246,-1,178,24,22,27,1,-1,-1,-1
00000246,-1,164,93,25,35,1,-1,-1,-1
00000246,-1,157,152,24,25,1,-1,-1,-1
00000246,-1,143,51,22,27,1,-1,-1,-1
00000247,-1,115,25,18,23,1,-1,-1,-1
00000247,-1,57,84,28,30,1,-1,-1,-1
00000247,-1,251,65,25,33,1,-1,-1,-1
00000247,-1,166,93,23,36,1,-1,-1,-1
00000247,-1,180,22,21,25,1,-1,-1,-1
00000247,-1,153,155,27,26,1,-1,-1,-1
00000247,-1,142,52,17,25,1,-1,-1,-1
00000248,-1,57,84,32,34,1,-1,-1,-1
00000248,-1,180,22,22,26,1,-1,-1,-1
00000248,-1,115,26,18,21,1,-1,-1,-1
00000248,-1,251,67,23,34,1,-1,-1,-1
00000248,-1,169,96,21,30,1,-1,-1,-1
00000248,-1,150,155,25,25,1,-1,-1,-1
00000248,-1,142,52,17,23,1,-1,-1,-1
00000249,-1,170,95,21,33,1,-1,-1,-1
00000249,-1,179,21,22,27,1,-1,-1,-1
00000249,-1,62,84,24,28,1,-1,-1,-1
00000249,-1,115,25,18,21,1,-1,-1,-1
00000249,-1,140,49,20,26,1,-1,-1,-1
00000249,-1,250,68,22,34,1,-1,-1,-1
00000249,-1,147,158,26,27,1,-1,-1,-1
00000250,-1,169,93,23,32,1,-1,-1,-1
00000250,-1,115,23,19,23,1,-1,-1,-1
00000250,-1,180,21,21,26,1,-1,-1,-1
00000250,-1,140,50,19,24,1,-1,-1,-1
00000250,-1,59,82,29,36,1,-1,-1,-1
00000250,-1,142,162,26,31,1,-1,-1,-1
00000250,-1,244,70,26,32,1,-1,-1,-1
00000251,-1,138,48,22,27,1,-1,-1,-1
00000251,-1,115,22,20,25,1,-1,-1,-1
00000251,-1,59,82,28,35,1,-1,-1,-1
00000251,-1,172,90,22,35,1,-1,-1,-1
00000251,-1,141,169,27,30,1,-1,-1,-1
00000251,-1,178,22,22,26,1,-1,-1,-1
00000251,-1,244,71,25,30,1,-1,-1,-1
00000252,-1,60,81,30,34,1,-1,-1,-1
00000252,-1,172,91,22,31,1,-1,-1,-1
00000252,-1,117,21,19,26,1,-1,-1,-1
00000252,-1,137,48,20,27,1,-1,-1,-1
00000252,-1,136,174,27,30,1,-1,-1,-1
00000252,-1,179,18,23,28,1,-1,-1,-1
00000252,-1,243,73,25,27,1,-1,-1,-1
00000253,-1,174,88,20,33,1,-1,-1,-1
00000253,-1,118,23,19,23,1,-1,-1,-1
00000253,-1,135,177,26,32,1,-1,-1,-1
00000253,-1,137,47,19,30,1,-1,-1,-1
00000253,-1,60,80,32,36,1,-1,-1,-1
00000253,-1,180,16,27,29,1,-1,-1,-1
00000253,-1,243,72,24,28,1,-1,-1,-1
00000254,-1,119,25,18,23,1,-1,-1,-1
00000254,-1,173,87,21,33,1,-1,-1,-1
00000254,-1,62,80,30,32,1,-1,-1,-1
00000254,-1,131,177,25,31,1,-1,-1,-1
00000254,-1,136,47,17,25,1,-1,-1,-1
00000254,-1,178,13,24,30,1,-1,-1,-1
00000254,-1,244,68,22,33,1,-1,-1,-1
00000254,-1,239,70,22,29,1,-1,-1,-1
00000255,-1,66,81,28,31,1,-1,-1,-1
00000255,-1,173,85,23,30,1,-1,-1,-1
00000255,-1,120,25,18,24,1,-1,-1,-1
00000255,-1,135,47,18,25,1,-1,-1,-1
00000255,-1,128,176,26,31,1,-1,-1,-1
00000255,-1,238,66,22,34,1,-1,-1,-1
00000255,-1,194,16,18,24,1,-1,-1,-1
00000255,-1,235,62,35,40,1,-1,-1,-1
00000256,-1,68,80,26,34,1,-1,-1,-1
00000256,-1,135,48,17,23,1,-1,-1,-1
00000256,-1,175,82,22,33,1,-1,-1,-1
00000256,-1,195,17,19,26,1,-1,-1,-1
00000256,-1,120,175,32,25,1,-1,-1,-1
00000256,-1,119,26,20,25,1,-1,-1,-1
00000256,-1,238,67,22,32,1,-1,-1,-1
00000257,-1,71,79,24,37,1,-1,-1,-1
00000257,-1,134,47,18,23,1,-1,-1,-1
00000257,-1,198,16,21,26,1,-1,-1,-1
00000257,-1,175,81,22,31,1,-1,-1,-1
00000257,-1,117,167,25,30,1,-1,-1,-1
00000257,-1,238,67,22,31,1,-1,-1,-1
00000257,-1,119,26,19,26,1,-1,-1,-1
00000258,-1,73,81,25,31,1,-1,-1,-1
00000258,-1,175,78,23,33,1,-1,-1,-1
00000258,-1,115,166,25,30,1,-1,-1,-1
00000258,-1,133,45,19,25,1,-1,-1,-1
00000258,-1,201,15,19,24,1,-1,-1,-1
00000258,-1,119,27,18,25,1,-1,-1,-1
00000258,-1,239,66,22,31,1,-1,-1,-1
00000259,-1,76,81,23,32,1,-1,-1,-1
00000259,-1,200,13,20,25,1,-1,-1,-1
00000259,-1,176,77,22,32,1,-1,-1,-1
00000259,-1,110,166,26,30,1,-1,-1,-1
00000259,-1,132,45,17,24,1,-1,-1,-1
00000259,-1,239,65,21,30,1,-1,-1,-1
00000259,-1,117,24,19,26,1,-1,-1,-1
00000260,-1,177,76,22,29,1,-1,-1,-1
00000260,-1,201,12,19,25,1,-1,-1,-1
00000260,-1,104,167,25,30,1,-1,-1,-1
00000260,-1,75,81,26,32,1,-1,-1,-1
00000260,-1,132,42,19,26,1,-1,-1,-1
00000260,-1,115,25,18,23,1,-1,-1,-1
00000260,-1,240,62,20,32,1,-1,-1,-1
00000261,-1,177,73,24,30,1,-1,-1,-1
00000261,-1,81,82,21,33,1,-1,-1,-1
00000261,-1,130,39,20,28,1,-1,-1,-1
00000261,-1,101,170,19,29,1,-1,-1,-1
00000261,-1,202,10,18,26,1,-1,-1,-1
00000261,-1,116,25,16,24,1,-1,-1,-1
00000261,-1,241,60,19,32,1,-1,-1,-1
00000262,-1,178,71,24,31,1,-1,-1,-1
00000262,-1,81,84,22,29,1,-1,-1,-1
00000262,-1,96,173,22,30,1,-1,-1,-1
00000262,-1,204,10,16,24,1,-1,-1,-1
00000262,-1,129,38,17,26,1,-1,-1,-1
00000262,-1,242,57,24,32,1,-1,-1,-1
00000262,-1,115,24,16,23,1,-1,-1,-1
00000263,-1,181,71,21,28,1,-1,-1,-1
00000263,-1,82,83,23,30,1,-1,-1,-1
00000263,-1,203,9,17,23,1,-1,-1,-1
00000263,-1,91,176,23,31,1,-1,-1,-1
00000263,-1,129,38,17,26,1,-1,-1,-1
00000263,-1,115,22,17,24,1,-1,-1,-1
00000263,-1,243,54,23,32,1,-1,-1,-1
00000264,-1,82,83,25,30,1,-1,-1,-1
00000264,-1,182,70,23,31,1,-1,-1,-1
00000264,-1,203,7,17,25,1,-1,-1,-1
00000264,-1,129,36,17,28,1,-1,-1,-1
00000264,-1,85,181,22,34,1,-1,-1,-1
00000264,-1,243,51,23,32,1,-1,-1,-1
00000265,-1,182,67,23,32,1,-1,-1,-1
00000265,-1,82,82,26,31,1,-1,-1,-1
00000265,-1,201,6,19,24,1,-1,-1,-1
00000265,-1,128,38,17,24,1,-1,-1,-1
00000265,-1,81,190,23,33,1,-1,-1,-1
00000265,-1,244,50,21,29,1,-1,-1,-1
00000266,-1,186,65,21,31,1,-1,-1,-1
00000266,-1,84,82,24,32,1,-1,-1,-1
00000266,-1,202,7,18,22,1,-1,-1,-1
00000266,-1,77,198,22,29,1,-1,-1,-1
00000266,-1,243,46,23,30,1,-1,-1,-1
00000266,-1,127,36,19,27,1,-1,-1,-1
00000267,-1,187,63,24,36,1,-1,-1,-1
00000267,-1,73,200,19,26,1,-1,-1,-1
00000267,-1,245,41,21,34,1,-1,-1,-1
00000267,-1,126,35,18,26,1,-1,-1,-1
00000267,-1,200,6,19,24,1,-1,-1,-1
00000267,-1,85,81,23,32,1,-1,-1,-1
00000268,-1,187,63,25,38,1,-1,-1,-1
00000268,-1,69,197,22,28,1,-1,-1,-1
00000268,-1,198,4,21,24,1,-1,-1,-1
00000268,-1,124,35,21,27,1,-1,-1,-1
00000268,-1,85,80,24,33,1,-1,-1,-1
00000268,-1,246,42,23,31,1,-1,-1,-1
00000269,-1,190,62,22,33,1,-1,-1,-1
00000269,-1,198,4,20,23,1,-1,-1,-1
00000269,-1,66,192,21,28,1,-1,-1,-1
00000269,-1,246,37,24,32,1,-1,-1,-1
00000269,-1,86,78,24,35,1,-1,-1,-1
00000269,-1,122,36,18,23,1,-1,-1,-1
00000269,-1,114,15,19,21,1,-1,-1,-1
00000269,-1,243,32,33,39,1,-1,-1,-1
00000270,-1,191,61,22,32,1,-1,-1,-1
00000270,-1,248,33,21,34,1,-1,-1,-1
00000270,-1,65,185,19,30,1,-1,-1,-1
00000270,-1,198,4,20,24,1,-1,-1,-1
00000270,-1,120,37,20,28,1,-1,-1,-1
00000270,-1,86,78,24,35,1,-1,-1,-1
00000271,-1,193,60,22,32,1,-1,-1,-1
00000271,-1,197,5,20,24,1,-1,-1,-1
00000271,-1,62,183,23,29,1,-1,-1,-1
00000271,-1,119,10,17,20,1,-1,-1,-1
00000271,-1,250,34,23,31,1,-1,-1,-1
00000271,-1,118,40,20,23,1,-1,-1,-1
00000272,-1,194,8,20,25,1,-1,-1,-1
00000272,-1,119,7,18,22,1,-1,-1,-1
00000272,-1,190,58,25,35,1,-1,-1,-1
00000272,-1,59,182,21,28,1,-1,-1,-1
00000272,-1,85,79,22,33,1,-1,-1,-1
00000272,-1,251,32,22,33,1,-1,-1,-1
00000273,-1,120,4,17,25,1,-1,-1,-1
00000273,-1,192,8,21,27,1,-1,-1,-1
00000273,-1,191,58,23,33,1,-1,-1,-1
00000273,-1,58,183,21,29,1,-1,-1,-1
00000273,-1,85,81,22,30,1,-1,-1,-1
00000273,-1,251,31,22,33,1,-1,-1,-1
00000274,-1,121,2,16,23,1,-1,-1,-1
00000274,-1,193,57,23,35,1,-1,-1,-1
00000274,-1,85,81,22,29,1,-1,-1,-1
00000274,-1,191,11,21,26,1,-1,-1,-1
00000274,-1,56,182,20,27,1,-1,-1,-1
00000274,-1,251,31,22,32,1,-1,-1,-1
00000274,-1,0,157,10,27,1,-1,-1,-1
00000275,-1,121,1,16,21,1,-1,-1,-1
00000275,-1,53,185,19,27,1,-1,-1,-1
00000275,-1,187,14,21,26,1,-1,-1,-1
00000275,-1,194,57,21,35,1,-1,-1,-1
00000275,-1,85,81,22,30,1,-1,-1,-1
00000275,-1,250,31,24,34,1,-1,-1,-1
00000275,-1,0,157,11,29,1,-1,-1,-1
00000276,-1,52,185,20,28,1,-1,-1,-1
00000276,-1,122,0,15,19,1,-1,-1,-1
00000276,-1,84,81,23,30,1,-1,-1,-1
00000276,-1,250,34,24,33,1,-1,-1,-1
00000276,-1,192,57,22,37,1,-1,-1,-1
00000276,-1,98,11,18,27,1,-1,-1,-1
00000276,-1,185,15,22,26,1,-1,-1,-1
00000277,-1,190,57,25,36,1,-1,-1,-1
00000277,-1,49,187,22,26,1,-1,-1,-1
00000277,-1,181,18,20,24,1,-1,-1,-1
00000277,-1,120,0,17,17,1,-1,-1,-1
00000277,-1,99,10,18,28,1,-1,-1,-1
00000277,-1,85,79,22,30,1,-1,-1,-1
00000277,-1,248,35,20,31,1,-1,-1,-1
00000277,-1,248,1,19,17,1,-1,-1,-1
00000278,-1,47,188,19,24,1,-1,-1,-1
00000278,-1,249,37,25,34,1,-1,-1,-1
00000278,-1,179,19,21,24,1,-1,-1,-1
00000278,-1,85,80,21,32,1,-1,-1,-1
00000278,-1,246,0,20,22,1,-1,-1,-1
00000278,-1,120,1,17,16,1,-1,-1,-1
00000278,-1,99,12,18,27,1,-1,-1,-1
00000279,-1,46,190,18,23,1,-1,-1,-1
00000279,-1,84,79,25,33,1,-1,-1,-1
00000279,-1,97,13,19,28,1,-1,-1,-1
00000279,-1,120,1,17,16,1,-1,-1,-1
00000279,-1,247,42,21,31,1,-1,-1,-1
00000279,-1,243,2,18,22,1,-1,-1,-1
00000279,-1,192,59,24,39,1,-1,-1,-1
00000280,-1,146,76,18,23,1,-1,-1,-1
00000280,-1,120,1,17,16,1,-1,-1,-1
00000280,-1,85,80,23,31,1,-1,-1,-1
00000280,-1,42,188,20,28,1,-1,-1,-1
00000280,-1,99,13,18,29,1,-1,-1,-1
00000280,-1,241,2,20,24,1,-1,-1,-1
00000280,-1,250,44,23,33,1,-1,-1,-1
00000280,-1,196,60,22,37,1,-1,-1,-1
00000281,-1,90,82,21,27,1,-1,-1,-1
00000281,-1,121,1,16,18,1,-1,-1,-1
00000281,-1,13,159,23,33,1,-1,-1,-1
00000281,-1,239,2,20,23,1,-1,-1,-1
00000281,-1,99,14,16,27,1,-1,-1,-1
00000281,-1,174,21,18,24,1,-1,-1,-1
00000281,-1,245,48,23,32,1,-1,-1,-1
00000282,-1,120,2,16,16,1,-1,-1,-1
00000282,-1,99,16,17,24,1,-1,-1,-1
00000282,-1,171,20,19,25,1,-1,-1,-1
00000282,-1,193,58,24,36,1,-1,-1,-1
00000282,-1,245,55,22,29,1,-1,-1,-1
00000282,-1,86,79,25,30,1,-1,-1,-1
00000283,-1,85,77,27,33,1,-1,-1,-1
00000283,-1,100,17,16,23,1,-1,-1,-1
00000283,-1,169,19,17,26,1,-1,-1,-1
00000283,-1,193,61,22,34,1,-1,-1,-1
00000283,-1,120,2,16,17,1,-1,-1,-1
00000283,-1,18,161,22,30,1,-1,-1,-1
00000284,-1,167,21,18,25,1,-1,-1,-1
00000284,-1,84,74,28,37,1,-1,-1,-1
00000284,-1,192,61,23,35,1,-1,-1,-1
00000284,-1,99,17,17,25,1,-1,-1,-1
00000284,-1,120,3,15,16,1,-1,-1,-1
00000285,-1,28,162,24,30,1,-1,-1,-1
00000285,-1,165,21,19,25,1,-1,-1,-1
00000285,-1,83,73,27,36,1,-1,-1,-1
00000285,-1,117,2,18,20,1,-1,-1,-1
00000285,-1,98,17,19,26,1,-1,-1,-1
00000285,-1,192,61,24,39,1,-1,-1,-1
00000285,-1,247,65,18,32,1,-1,-1,-1
00000286,-1,83,70,27,39,1,-1,-1,-1
00000286,-1,116,2,18,21,1,-1,-1,-1
00000286,-1,193,62,22,35,1,-1,-1,-1
00000286,-1,165,22,20,25,1,-1,-1,-1
00000286,-1,98,18,19,26,1,-1,-1,-1
00000286,-1,31,164,23,32,1,-1,-1,-1
00000286,-1,242,67,18,28,1,-1,-1,-1
00000286,-1,245,68,20,26,1,-1,-1,-1
00000286,-1,171,19,18,27,1,-1,-1,-1
00000287,-1,82,70,31,37,1,-1,-1,-1
00000287,-1,116,3,18,22,1,-1,-1,-1
00000287,-1,193,63,22,36,1,-1,-1,-1
00000287,-1,161,21,20,25,1,-1,-1,-1
00000287,-1,99,18,19,26,1,-1,-1,-1
00000287,-1,38,162,21,33,1,-1,-1,-1
00000287,-1,241,67,18,28,1,-1,-1,-1
00000287,-1,245,68,19,27,1,-1,-1,-1
00000288,-1,99,17,20,27,1,-1,-1,-1
00000288,-1,160,20,21,27,1,-1,-1,-1
00000288,-1,115,5,17,22,1,-1,-1,-1
00000288,-1,84,68,29,38,1,-1,-1,-1
00000288,-1,194,64,20,35,1,-1,-1,-1
00000288,-1,240,68,20,28,1,-1,-1,-1
00000289,-1,115,4,17,26,1,-1,-1,-1
00000289,-1,85,65,28,39,1,-1,-1,-1
00000289,-1,160,21,21,25,1,-1,-1,-1
00000289,-1,195,64,19,34,1,-1,-1,-1
00000289,-1,238,69,22,27,1,-1,-1,-1
00000289,-1,103,15,21,29,1,-1,-1,-1
00000289,-1,46,164,24,32,1,-1,-1,-1
00000289,-1,231,103,69,65,1,-1,-1,-1
00000290,-1,159,20,23,28,1,-1,-1,-1
00000290,-1,83,64,29,37,1,-1,-1,-1
00000290,-1,54,165,22,31,1,-1,-1,-1
00000290,-1,194,64,21,35,1,-1,-1,-1
00000290,-1,115,6,16,23,1,-1,-1,-1
00000290,-1,104,17,19,26,1,-1,-1,-1
00000290,-1,229,2,17,22,1,-1,-1,-1
00000291,-1,82,64,30,36,1,-1,-1,-1
00000291,-1,159,20,21,27,1,-1,-1,-1
00000291,-1,193,63,22,36,1,-1,-1,-1
00000291,-1,106,12,23,32,1,-1,-1,-1
00000291,-1,59,167,22,31,1,-1,-1,-1
00000291,-1,52,103,21,29,1,-1,-1,-1
00000291,-1,229,2,17,21,1,-1,-1,-1
00000292,-1,81,63,28,33,1,-1,-1,-1
00000292,-1,191,63,22,36,1,-1,-1,-1
00000292,-1,106,16,22,30,1,-1,-1,-1
00000292,-1,158,20,20,27,1,-1,-1,-1
00000292,-1,65,169,22,33,1,-1,-1,-1
00000293,-1,80,62,28,33,1,-1,-1,-1
00000293,-1,109,18,20,26,1,-1,-1,-1
00000293,-1,192,65,21,34,1,-1,-1,-1
00000293,-1,70,173,24,33,1,-1,-1,-1
00000293,-1,157,20,20,25,1,-1,-1,-1
00000294,-1,79,61,29,34,1,-1,-1,-1
00000294,-1,110,17,21,28,1,-1,-1,-1
00000294,-1,157,19,20,26,1,-1,-1,-1
00000294,-1,190,66,23,34,1,-1,-1,-1
00000294,-1,51,104,23,29,1,-1,-1,-1
00000295,-1,78,60,29,35,1,-1,-1,-1
00000295,-1,113,17,20,28,1,-1,-1,-1
00000295,-1,190,65,22,38,1,-1,-1,-1
00000295,-1,159,20,18,23,1,-1,-1,-1
00000296,-1,77,58,30,36,1,-1,-1,-1
00000296,-1,114,18,22,27,1,-1,-1,-1
00000296,-1,190,66,22,32,1,-1,-1,-1
00000296,-1,156,19,18,22,1,-1,-1,-1
00000297,-1,76,57,29,34,1,-1,-1,-1
00000297,-1,116,19,21,24,1,-1,-1,-1
00000297,-1,190,64,22,32,1,-1,-1,-1
00000297,-1,156,19,17,21,1,-1,-1,-1
00000298,-1,77,56,26,33,1,-1,-1,-1
00000298,-1,119,20,19,24,1,-1,-1,-1
00000298,-1,189,65,22,34,1,-1,-1,-1
00000299,-1,73,54,27,37,1,-1,-1,-1
00000299,-1,189,66,23,31,1,-1,-1,-1
00000299,-1,121,20,19,24,1,-1,-1,-1
00000299,-1,154,20,17,20,1,-1,-1,-1
00000300,-1,72,52,27,41,1,-1,-1,-1
00000300,-1,123,20,20,25,1,-1,-1,-1
00000300,-1,189,66,22,30,1,-1,-1,-1
00000300,-1,95,66,25,26,1,-1,-1,-1
00000300,-1,151,21,15,19,1,-1,-1,-1
00000301,-1,123,19,22,29,1,-1,-1,-1
00000301,-1,70,53,27,37,1,-1,-1,-1
00000301,-1,190,66,20,29,1,-1,-1,-1
00000301,-1,95,68,24,25,1,-1,-1,-1
00000301,-1,53,62,16,27,1,-1,-1,-1
00000301,-1,150,21,15,22,1,-1,-1,-1
00000302,-1,70,51,26,38,1,-1,-1,-1
00000302,-1,125,19,21,30,1,-1,-1,-1
00000302,-1,189,67,19,28,1,-1,-1,-1
00000302,-1,48,63,17,27,1,-1,-1,-1
00000302,-1,148,22,17,21,1,-1,-1,-1
00000303,-1,68,52,27,34,1,-1,-1,-1
00000303,-1,127,19,21,28,1,-1,-1,-1
00000303,-1,46,62,17,26,1,-1,-1,-1
00000303,-1,187,65,20,30,1,-1,-1,-1
00000303,-1,146,23,18,19,1,-1,-1,-1
00000304,-1,67,53,27,34,1,-1,-1,-1
00000304,-1,127,19,24,29,1,-1,-1,-1
00000304,-1,40,62,19,26,1,-1,-1,-1
00000304,-1,187,67,20,33,1,-1,-1,-1
00000305,-1,66,52,28,35,1,-1,-1,-1
00000305,-1,38,60,19,26,1,-1,-1,-1
00000305,-1,128,19,23,28,1,-1,-1,-1
00000306,-1,65,51,28,36,1,-1,-1,-1
00000306,-1,127,19,20,29,1,-1,-1,-1
00000306,-1,35,61,17,23,1,-1,-1,-1
00000306,-1,21,142,24,27,1,-1,-1,-1
00000306,-1,186,76,23,35,1,-1,-1,-1
00000307,-1,64,51,29,38,1,-1,-1,-1
00000307,-1,33,60,18,25,1,-1,-1,-1
00000307,-1,127,20,17,27,1,-1,-1,-1
00000307,-1,20,143,23,25,1,-1,-1,-1
00000307,-1,190,75,21,36,1,-1,-1,-1
00000308,-1,63,52,29,37,1,-1,-1,-1
00000308,-1,30,59,19,24,1,-1,-1,-1
00000308,-1,123,20,22,32,1,-1,-1,-1
00000308,-1,183,70,49,52,1,-1,-1,-1
00000309,-1,63,52,29,38,1,-1,-1,-1
00000309,-1,28,58,19,24,1,-1,-1,-1
00000309,-1,129,19,23,29,1,-1,-1,-1
00000309,-1,135,20,21,27,1,-1,-1,-1
00000309,-1,172,66,48,51,1,-1,-1,-1
00000310,-1,61,51,30,38,1,-1,-1,-1
00000310,-1,27,58,18,24,1,-1,-1,-1
00000310,-1,128,18,23,30,1,-1,-1,-1
00000310,-1,175,68,46,47,1,-1,-1,-1
00000310,-1,135,19,21,28,1,-1,-1,-1
00000310,-1,185,75,24,37,1,-1,-1,-1
00000311,-1,61,52,27,37,1,-1,-1,-1
00000311,-1,25,57,19,26,1,-1,-1,-1
00000311,-1,126,20,18,27,1,-1,-1,-1
00000311,-1,172,63,39,48,1,-1,-1,-1
00000311,-1,3,178,36,53,1,-1,-1,-1
00000312,-1,59,54,27,34,1,-1,-1,-1
00000312,-1,25,58,18,24,1,-1,-1,-1
00000312,-1,173,62,39,48,1,-1,-1,-1
00000312,-1,210,0,22,15,1,-1,-1,-1
00000313,-1,57,55,26,32,1,-1,-1,-1
00000313,-1,23,57,20,27,1,-1,-1,-1
00000313,-1,211,0,20,21,1,-1,-1,-1
00000313,-1,132,17,18,33,1,-1,-1,-1
00000314,-1,56,55,26,33,1,-1,-1,-1
00000314,-1,209,0,23,24,1,-1,-1,-1
00000314,-1,23,58,19,26,1,-1,-1,-1
00000314,-1,139,16,18,30,1,-1,-1,-1
00000314,-1,127,18,17,33,1,-1,-1,-1
00000314,-1,132,17,19,31,1,-1,-1,-1
00000314,-1,291,15,13,26,1,-1,-1,-1
00000314,-1,173,61,38,50,1,-1,-1,-1
00000315,-1,55,55,26,33,1,-1,-1,-1
00000315,-1,209,1,24,28,1,-1,-1,-1
00000315,-1,22,57,20,27,1,-1,-1,-1
00000315,-1,184,70,21,36,1,-1,-1,-1
00000315,-1,289,13,14,28,1,-1,-1,-1
00000315,-1,128,19,17,28,1,-1,-1,-1
00000316,-1,53,55,26,33,1,-1,-1,-1
00000316,-1,209,2,25,29,1,-1,-1,-1
00000316,-1,21,59,20,26,1,-1,-1,-1
00000316,-1,184,73,23,36,1,-1,-1,-1
00000316,-1,127,20,18,29,1,-1,-1,-1
00000316,-1,175,62,36,51,1,-1,-1,-1
00000317,-1,52,56,27,33,1,-1,-1,-1
00000317,-1,210,2,25,27,1,-1,-1,-1
00000317,-1,20,60,20,25,1,-1,-1,-1
00000317,-1,130,18,23,28,1,-1,-1,-1
00000317,-1,168,61,41,49,1,-1,-1,-1
00000317,-1,136,16,22,26,1,-1,-1,-1
00000317,-1,285,14,14,24,1,-1,-1,-1
00000317,-1,177,62,35,61,1,-1,-1,-1
00000318,-1,52,55,27,33,1,-1,-1,-1
00000318,-1,212,1,22,25,1,-1,-1,-1
00000318,-1,20,60,20,27,1,-1,-1,-1
00000318,-1,127,19,19,27,1,-1,-1,-1
00000318,-1,146,17,18,22,1,-1,-1,-1
00000318,-1,184,74,23,37,1,-1,-1,-1
00000318,-1,173,62,38,52,1,-1,-1,-1
00000318,-1,284,14,13,21,1,-1,-1,-1
00000319,-1,52,55,27,34,1,-1,-1,-1
00000319,-1,212,0,24,24,1,-1,-1,-1
00000319,-1,19,61,19,25,1,-1,-1,-1
00000319,-1,127,19,18,25,1,-1,-1,-1
00000319,-1,184,74,22,38,1,-1,-1,-1
00000319,-1,148,15,18,23,1,-1,-1,-1
00000320,-1,52,54,27,35,1,-1,-1,-1
00000320,-1,213,0,21,22,1,-1,-1,-1
00000320,-1,18,60,20,27,1,-1,-1,-1
00000320,-1,124,19,20,26,1,-1,-1,-1
00000320,-1,154,15,16,20,1,-1,-1,-1
00000321,-1,52,53,28,37,1,-1,-1,-1
00000321,-1,18,62,19,27,1,-1,-1,-1
00000321,-1,213,0,21,21,1,-1,-1,-1
00000321,-1,120,19,19,27,1,-1,-1,-1
00000321,-1,155,15,16,20,1,-1,-1,-1
00000321,-1,183,72,23,39,1,-1,-1,-1
00000321,-1,3,133,17,24,1,-1,-1,-1
00000322,-1,52,52,28,38,1,-1,-1,-1
00000322,-1,17,63,20,28,1,-1,-1,-1
00000322,-1,213,0,20,21,1,-1,-1,-1
00000322,-1,119,18,18,27,1,-1,-1,-1
00000322,-1,157,15,16,21,1,-1,-1,-1
00000323,-1,53,53,27,35,1,-1,-1,-1
00000323,-1,16,65,20,28,1,-1,-1,-1
00000323,-1,213,0,21,22,1,-1,-1,-1
00000323,-1,160,14,17,22,1,-1,-1,-1
00000323,-1,179,66,23,36,1,-1,-1,-1
00000323,-1,115,21,16,25,1,-1,-1,-1
00000324,-1,53,52,28,36,1,-1,-1,-1
00000324,-1,212,0,23,25,1,-1,-1,-1
00000324,-1,17,68,19,26,1,-1,-1,-1
00000324,-1,161,15,18,23,1,-1,-1,-1
00000325,-1,55,55,26,33,1,-1,-1,-1
00000325,-1,212,0,23,26,1,-1,-1,-1
00000325,-1,17,70,19,27,1,-1,-1,-1
00000325,-1,160,13,19,29,1,-1,-1,-1
00000325,-1,113,19,17,24,1,-1,-1,-1
00000325,-1,178,65,22,38,1,-1,-1,-1
00000326,-1,56,57,26,33,1,-1,-1,-1
00000326,-1,17,72,19,26,1,-1,-1,-1
00000326,-1,212,1,23,27,1,-1,-1,-1
00000326,-1,163,16,16,24,1,-1,-1,-1
00000326,-1,176,69,23,35,1,-1,-1,-1
00000327,-1,58,58,25,34,1,-1,-1,-1
00000327,-1,16,72,20,28,1,-1,-1,-1
00000327,-1,210,2,25,27,1,-1,-1,-1
00000327,-1,164,18,15,23,1,-1,-1,-1
00000327,-1,177,77,22,31,1,-1,-1,-1
00000327,-1,108,22,16,23,1,-1,-1,-1
00000328,-1,59,59,26,34,1,-1,-1,-1
00000328,-1,17,74,20,28,1,-1,-1,-1
00000328,-1,210,3,24,25,1,-1,-1,-1
00000328,-1,178,78,19,28,1,-1,-1,-1
00000329,-1,60,60,27,33,1,-1,-1,-1
00000329,-1,16,77,21,27,1,-1,-1,-1
00000329,-1,207,2,27,29,1,-1,-1,-1
00000329,-1,177,79,19,28,1,-1,-1,-1
00000329,-1,167,16,17,24,1,-1,-1,-1
00000330,-1,63,61,26,35,1,-1,-1,-1
00000330,-1,206,4,24,28,1,-1,-1,-1
00000330,-1,15,80,20,28,1,-1,-1,-1
00000330,-1,174,76,20,26,1,-1,-1,-1
00000330,-1,105,21,17,24,1,-1,-1,-1
00000330,-1,101,22,18,27,1,-1,-1,-1
00000331,-1,64,61,27,35,1,-1,-1,-1
00000331,-1,13,83,19,28,1,-1,-1,-1
00000331,-1,205,7,25,29,1,-1,-1,-1
00000331,-1,174,79,19,27,1,-1,-1,-1
00000332,-1,68,63,25,32,1,-1,-1,-1
00000332,-1,11,86,20,27,1,-1,-1,-1
00000332,-1,202,10,25,27,1,-1,-1,-1
00000332,-1,172,77,20,32,1,-1,-1,-1
00000332,-1,174,14,15,20,1,-1,-1,-1
00000333,-1,70,65,25,31,1,-1,-1,-1
00000333,-1,9,89,20,27,1,-1,-1,-1
00000333,-1,198,14,26,31,1,-1,-1,-1
00000333,-1,172,77,19,26,1,-1,-1,-1
00000333,-1,102,20,17,24,1,-1,-1,-1
00000333,-1,170,15,16,22,1,-1,-1,-1
00000334,-1,72,64,25,32,1,-1,-1,-1
00000334,-1,195,18,25,32,1,-1,-1,-1
00000334,-1,7,90,20,26,1,-1,-1,-1
00000334,-1,171,77,19,27,1,-1,-1,-1
00000334,-1,170,17,15,24,1,-1,-1,-1
00000334,-1,171,132,21,33,1,-1,-1,-1
00000334,-1,98,19,19,28,1,-1,-1,-1
00000335,-1,74,64,26,31,1,-1,-1,-1
00000335,-1,6,90,20,27,1,-1,-1,-1
00000335,-1,192,22,25,28,1,-1,-1,-1
00000335,-1,170,77,19,27,1,-1,-1,-1
00000335,-1,100,19,18,25,1,-1,-1,-1
00000335,-1,127,203,27,30,1,-1,-1,-1
00000335,-1,170,17,14,21,1,-1,-1,-1
00000336,-1,77,64,25,31,1,-1,-1,-1
00000336,-1,4,89,21,28,1,-1,-1,-1
00000336,-1,186,26,24,27,1,-1,-1,-1
00000336,-1,168,78,21,27,1,-1,-1,-1
00000336,-1,97,17,20,27,1,-1,-1,-1
00000336,-1,126,196,27,29,1,-1,-1,-1
00000337,-1,78,62,27,32,1,-1,-1,-1
00000337,-1,1,90,22,26,1,-1,-1,-1
00000337,-1,181,27,26,28,1,-1,-1,-1
00000337,-1,165,80,21,25,1,-1,-1,-1
00000337,-1,98,17,20,26,1,-1,-1,-1
00000337,-1,124,187,29,32,1,-1,-1,-1
00000337,-1,197,66,19,32,1,-1,-1,-1
00000338,-1,0,90,22,28,1,-1,-1,-1
00000338,-1,81,61,26,32,1,-1,-1,-1
00000338,-1,179,25,25,33,1,-1,-1,-1
00000338,-1,124,182,26,30,1,-1,-1,-1
00000338,-1,161,82,21,24,1,-1,-1,-1
00000338,-1,97,16,21,27,1,-1,-1,-1
00000338,-1,1,89,12,30,1,-1,-1,-1
00000338,-1,47,146,19,26,1,-1,-1,-1
00000338,-1,199,65,18,34,1,-1,-1,-1
00000339,-1,82,59,27,37,1,-1,-1,-1
00000339,-1,177,22,26,31,1,-1,-1,-1
00000339,-1,0,92,20,27,1,-1,-1,-1
00000339,-1,122,173,25,30,1,-1,-1,-1
00000339,-1,160,84,20,23,1,-1,-1,-1
00000339,-1,98,15,21,26,1,-1,-1,-1
00000340,-1,84,58,28,35,1,-1,-1,-1
00000340,-1,0,92,19,29,1,-1,-1,-1
00000340,-1,174,21,26,30,1,-1,-1,-1
00000340,-1,158,86,21,22,1,-1,-1,-1
00000340,-1,117,163,26,31,1,-1,-1,-1
00000340,-1,98,15,19,25,1,-1,-1,-1
00000341,-1,86,59,29,34,1,-1,-1,-1
00000341,-1,0,96,17,27,1,-1,-1,-1
00000341,-1,114,155,27,32,1,-1,-1,-1
00000341,-1,98,15,21,28,1,-1,-1,-1
00000341,-1,172,20,26,31,1,-1,-1,-1
00000341,-1,158,86,19,23,1,-1,-1,-1
00000342,-1,88,58,29,34,1,-1,-1,-1
00000342,-1,0,100,16,24,1,-1,-1,-1
00000342,-1,99,16,20,26,1,-1,-1,-1
00000342,-1,170,21,27,30,1,-1,-1,-1
00000342,-1,112,152,25,28,1,-1,-1,-1
00000342,-1,156,87,22,22,1,-1,-1,-1
00000342,-1,199,58,20,34,1,-1,-1,-1
00000343,-1,90,59,28,33,1,-1,-1,-1
00000343,-1,110,145,24,28,1,-1,-1,-1
00000343,-1,99,16,20,26,1,-1,-1,-1
00000343,-1,168,21,27,29,1,-1,-1,-1
00000343,-1,155,87,20,22,1,-1,-1,-1
00000343,-1,0,103,14,24,1,-1,-1,-1
00000343,-1,197,58,22,33,1,-1,-1,-1
00000344,-1,92,58,27,33,1,-1,-1,-1
00000344,-1,167,23,25,27,1,-1,-1,-1
00000344,-1,99,15,20,28,1,-1,-1,-1
00000344,-1,105,140,25,28,1,-1,-1,-1
00000344,-1,0,104,11,28,1,-1,-1,-1
00000344,-1,153,86,23,23,1,-1,-1,-1
00000344,-1,198,56,20,34,1,-1,-1,-1
00000344,-1,184,131,26,30,1,-1,-1,-1
00000344,-1,28,142,23,29,1,-1,-1,-1
00000345,-1,94,58,27,33,1,-1,-1,-1
00000345,-1,101,136,25,28,1,-1,-1,-1
00000345,-1,166,24,22,28,1,-1,-1,-1
00000345,-1,98,14,22,27,1,-1,-1,-1
00000345,-1,0,107,10,29,1,-1,-1,-1
00000345,-1,152,87,22,22,1,-1,-1,-1
00000345,-1,198,57,19,33,1,-1,-1,-1
00000345,-1,25,141,26,32,1,-1,-1,-1
00000346,-1,96,57,27,33,1,-1,-1,-1
00000346,-1,98,133,24,27,1,-1,-1,-1
00000346,-1,164,25,23,26,1,-1,-1,-1
00000346,-1,100,14,19,27,1,-1,-1,-1
00000346,-1,0,106,11,33,1,-1,-1,-1
00000346,-1,150,86,24,25,1,-1,-1,-1
00000346,-1,197,56,21,34,1,-1,-1,-1
00000346,-1,20,141,26,36,1,-1,-1,-1
00000347,-1,97,56,27,34,1,-1,-1,-1
00000347,-1,95,131,24,27,1,-1,-1,-1
00000347,-1,99,13,22,28,1,-1,-1,-1
00000347,-1,162,23,24,29,1,-1,-1,-1
00000347,-1,150,86,21,22,1,-1,-1,-1
00000347,-1,197,56,21,35,1,-1,-1,-1
00000347,-1,0,110,10,32,1,-1,-1,-1
00000348,-1,98,56,27,33,1,-1,-1,-1
00000348,-1,92,130,24,27,1,-1,-1,-1
00000348,-1,100,13,21,26,1,-1,-1,-1
00000348,-1,162,25,22,24,1,-1,-1,-1
00000348,-1,197,57,21,33,1,-1,-1,-1
00000348,-1,151,85,18,25,1,-1,-1,-1
00000348,-1,15,147,23,30,1,-1,-1,-1
00000348,-1,0,117,8,25,1,-1,-1,-1
00000349,-1,99,55,28,35,1,-1,-1,-1
00000349,-1,88,129,25,28,1,-1,-1,-1
00000349,-1,101,12,21,26,1,-1,-1,-1
00000349,-1,160,24,23,26,1,-1,-1,-1
00000349,-1,197,56,20,35,1,-1,-1,-1
00000349,-1,11,149,22,29,1,-1,-1,-1
00000349,-1,0,114,9,29,1,-1,-1,-1
00000349,-1,148,84,26,26,1,-1,-1,-1
00000349,-1,187,21,17,21,1,-1,-1,-1
00000350,-1,100,55,27,35,1,-1,-1,-1
00000350,-1,85,130,25,28,1,-1,-1,-1
00000350,-1,101,12,19,25,1,-1,-1,-1
00000350,-1,159,24,23,26,1,-1,-1,-1
00000350,-1,197,57,20,34,1,-1,-1,-1
00000350,-1,148,85,25,26,1,-1,-1,-1
00000350,-1,8,150,23,30,1,-1,-1,-1
00000350,-1,186,21,18,21,1,-1,-1,-1
00000351,-1,101,55,27,35,1,-1,-1,-1
00000351,-1,81,131,26,28,1,-1,-1,-1
00000351,-1,100,11,20,27,1,-1,-1,-1
00000351,-1,158,24,24,27,1,-1,-1,-1
00000351,-1,197,57,20,34,1,-1,-1,-1
00000351,-1,148,84,24,27,1,-1,-1,-1
00000351,-1,186,18,19,22,1,-1,-1,-1
00000352,-1,102,56,26,34,1,-1,-1,-1
00000352,-1,76,132,27,29,1,-1,-1,-1
00000352,-1,99,11,20,26,1,-1,-1,-1
00000352,-1,158,25,22,26,1,-1,-1,-1
00000352,-1,196,56,21,36,1,-1,-1,-1
00000352,-1,183,20,18,22,1,-1,-1,-1
00000352,-1,147,84,28,31,1,-1,-1,-1
00000353,-1,101,57,27,34,1,-1,-1,-1
00000353,-1,99,10,21,27,1,-1,-1,-1
00000353,-1,71,134,26,29,1,-1,-1,-1
00000353,-1,156,24,23,26,1,-1,-1,-1
00000353,-1,193,57,22,33,1,-1,-1,-1
00000353,-1,183,18,19,22,1,-1,-1,-1
00000353,-1,147,84,28,31,1,-1,-1,-1
00000354,-1,101,58,27,34,1,-1,-1,-1
00000354,-1,66,134,27,31,1,-1,-1,-1
00000354,-1,99,10,20,26,1,-1,-1,-1
00000354,-1,194,56,23,35,1,-1,-1,-1
00000354,-1,182,18,18,22,1,-1,-1,-1
00000354,-1,154,22,22,28,1,-1,-1,-1
00000355,-1,61,134,27,30,1,-1,-1,-1
00000355,-1,101,60,26,34,1,-1,-1,-1
00000355,-1,99,10,20,27,1,-1,-1,-1
00000355,-1,152,22,24,28,1,-1,-1,-1
00000355,-1,193,57,21,34,1,-1,-1,-1
00000355,-1,147,84,22,28,1,-1,-1,-1
00000355,-1,183,17,17,23,1,-1,-1,-1
00000356,-1,99,61,27,34,1,-1,-1,-1
00000356,-1,99,10,21,27,1,-1,-1,-1
00000356,-1,57,134,26,30,1,-1,-1,-1
00000356,-1,194,57,20,34,1,-1,-1,-1
00000356,-1,150,20,26,29,1,-1,-1,-1
00000356,-1,145,83,23,28,1,-1,-1,-1
00000356,-1,182,17,17,23,1,-1,-1,-1
00000357,-1,99,63,27,33,1,-1,-1,-1
00000357,-1,98,10,21,27,1,-1,-1,-1
00000357,-1,51,135,24,28,1,-1,-1,-1
00000357,-1,151,22,25,29,1,-1,-1,-1
00000357,-1,194,58,20,31,1,-1,-1,-1
00000357,-1,182,16,17,24,1,-1,-1,-1
00000358,-1,97,65,27,35,1,-1,-1,-1
00000358,-1,98,10,20,26,1,-1,-1,-1
00000358,-1,149,25,27,28,1,-1,-1,-1
00000358,-1,45,133,25,28,1,-1,-1,-1
00000358,-1,193,57,22,33,1,-1,-1,-1
00000358,-1,147,85,21,26,1,-1,-1,-1
00000358,-1,182,16,17,24,1,-1,-1,-1
00000359,-1,95,67,28,35,1,-1,-1,-1
00000359,-1,40,132,24,28,1,-1,-1,-1
00000359,-1,99,10,20,27,1,-1,-1,-1
00000359,-1,149,23,28,30,1,-1,-1,-1
00000359,-1,182,15,17,23,1,-1,-1,-1
00000359,-1,193,56,21,33,1,-1,-1,-1
00000359,-1,130,156,42,51,1,-1,-1,-1
00000359,-1,146,85,21,28,1,-1,-1,-1
00000360,-1,91,71,29,35,1,-1,-1,-1
00000360,-1,100,10,19,27,1,-1,-1,-1
00000360,-1,36,132,24,27,1,-1,-1,-1
00000360,-1,147,23,30,28,1,-1,-1,-1
00000360,-1,183,15,16,23,1,-1,-1,-1
00000360,-1,195,56,22,33,1,-1,-1,-1
00000360,-1,146,85,20,29,1,-1,-1,-1
00000360,-1,128,158,40,49,1,-1,-1,-1
00000360,-1,357,41,17,26,1,-1,-1,-1
00000361,-1,99,10,20,26,1,-1,-1,-1
00000361,-1,89,73,30,36,1,-1,-1,-1
00000361,-1,31,132,24,27,1,-1,-1,-1
00000361,-1,149,23,28,29,1,-1,-1,-1
00000361,-1,146,87,22,29,1,-1,-1,-1
00000361,-1,196,56,21,32,1,-1,-1,-1
00000361,-1,184,14,16,23,1,-1,-1,-1
00000361,-1,363,42,21,26,1,-1,-1,-1
00000361,-1,128,157,41,49,1,-1,-1,-1
00000362,-1,87,76,29,36,1,-1,-1,-1
00000362,-1,29,132,23,27,1,-1,-1,-1
00000362,-1,101,10,24,30,1,-1,-1,-1
00000362,-1,197,55,21,33,1,-1,-1,-1
00000362,-1,146,90,22,27,1,-1,-1,-1
00000362,-1,148,19,30,32,1,-1,-1,-1
00000362,-1,184,14,15,23,1,-1,-1,-1
00000362,-1,368,37,25,32,1,-1,-1,-1
00000362,-1,226,89,43,69,1,-1,-1,-1
00000363,-1,85,79,29,34,1,-1,-1,-1
00000363,-1,27,133,23,28,1,-1,-1,-1
00000363,-1,104,11,22,28,1,-1,-1,-1
00000363,-1,197,55,24,33,1,-1,-1,-1
00000363,-1,146,93,23,27,1,-1,-1,-1
00000363,-1,147,21,32,31,1,-1,-1,-1
00000363,-1,186,13,18,24,1,-1,-1,-1
00000363,-1,183,12,16,27,1,-1,-1,-1
00000364,-1,84,81,27,34,1,-1,-1,-1
00000364,-1,105,11,21,28,1,-1,-1,-1
00000364,-1,27,137,23,26,1,-1,-1,-1
00000364,-1,198,55,24,34,1,-1,-1,-1
00000364,-1,145,94,22,28,1,-1,-1,-1
00000364,-1,149,22,29,29,1,-1,-1,-1
00000364,-1,187,12,18,23,1,-1,-1,-1
00000365,-1,83,80,27,35,1,-1,-1,-1
00000365,-1,28,138,22,27,1,-1,-1,-1
00000365,-1,107,12,24,30,1,-1,-1,-1
00000365,-1,199,52,22,35,1,-1,-1,-1
00000365,-1,152,20,29,31,1,-1,-1,-1
00000365,-1,189,13,17,23,1,-1,-1,-1
00000365,-1,146,96,22,28,1,-1,-1,-1
00000365,-1,393,43,21,24,1,-1,-1,-1
00000366,-1,81,78,30,38,1,-1,-1,-1
00000366,-1,28,140,22,26,1,-1,-1,-1
00000366,-1,110,12,22,27,1,-1,-1,-1
00000366,-1,201,53,26,33,1,-1,-1,-1
00000366,-1,153,20,29,31,1,-1,-1,-1
00000366,-1,147,97,18,23,1,-1,-1,-1
00000366,-1,190,13,17,22,1,-1,-1,-1
00000366,-1,111,161,20,30,1,-1,-1,-1
